40
38
255 255 255  255 255 255  255 255 255  255 255 255  255 255 255  255 255 255  255 255 255  255 255 255  255 255 255  255 255 255  255 255 255  255 255 255  255 255 255  255 255 255  255 255 255  255 255 255  255 255 255  255 255 255  255 255 255  255 255 255  255 255 255  255 255 255  255 255 255  255 255 255  255 255 255  255 255 255  255 255 255  255 255 255  255 255 255  255 255 255  255 255 255  255 255 255  255 255 255  255 255 255  255 255 255  255 255 255  255 255 255  255 255 255
255 255 255  255 255 255  255 255 255  255 255 255  255 255 255  255 255 255  255 255 255  255 255 255  255 255 255  255 255 255  255 255 255  255 255 255  255 255 255  255 255 255  255 255 255  255 255 255  255 255 255  255 255 255  255 255 255  255 255 255  255 255 255  255 255 255  255 255 255  255 255 255  255 255 255  255 255 255  255 255 255  255 255 255  255 255 255  255 255 255  255 255 255  255 255 255  255 255 255  255 255 255  255 255 255  255 255 255  255 255 255  255 255 255
255 255 255  255 255 255  255 255 255  255 255 255  255 255 255  255 255 255  255 255 255  255 255 255  255 255 255  255 255 255  255 255 255  255 255 255  255 255 255  255 255 255  250 250 250  255 255 255  255 255 255  255 255 255  255 255 255  250 250 250  255 255 255  255 255 255  255 255 255  255 255 255  255 255 255  255 255 255  255 255 255  255 255 255  255 255 255  255 255 255  255 255 255  255 255 255  255 255 255  255 255 255  255 255 255  255 255 255  255 255 255  255 255 255
255 255 255  255 255 255  255 255 255  255 255 255  255 255 255  255 255 255  255 255 255  255 255 255  255 255 255  255 255 255  255 255 255  255 255 255  255 255 255  250 250 250  255 255 255  255 255 255  255 255 255  255 255 255  255 255 255  255 255 255  250 250 250  255 255 255  255 255 255  255 255 255  255 255 255  255 255 255  255 255 255  255 255 255  255 255 255  255 255 255  255 255 255  255 255 255  255 255 255  255 255 255  255 255 255  255 255 255  255 255 255  255 255 255
255 255 255  255 255 255  255 255 255  255 255 255  255 255 255  255 255 255  255 255 255  255 255 255  255 255 255  255 255 255  255 255 255  255 255 255  250 250 250  255 255 255  255 255 255  255 255 255  250 250 250  250 250 250  255 255 255  255 255 255  255 255 255  250 250 250  255 255 255  255 255 255  255 255 255  255 255 255  255 255 255  255 255 255  255 255 255  255 255 255  255 255 255  255 255 255  255 255 255  255 255 255  255 255 255  255 255 255  255 255 255  255 255 255
255 255 255  255 255 255  255 255 255  255 255 255  255 255 255  255 255 255  255 255 255  255 255 255  255 255 255  255 255 255  255 255 255  255 255 255  250 250 250  255 255 255  255 255 255  255 255 255  250 250 250  250 250 250  255 255 255  255 255 255  255 255 255  250 250 250  255 255 255  255 255 255  255 255 255  255 255 255  255 255 255  255 255 255  255 255 255  255 255 255  255 255 255  255 255 255  255 255 255  255 255 255  255 255 255  255 255 255  255 255 255  255 255 255
255 255 255  255 255 255  255 255 255  255 255 255  255 255 255  255 255 255  255 255 255  255 255 255  255 255 255  255 255 255  255 255 255  255 255 255  250 250 250  255 255 255  255 255 255  255 255 255  255 255 255  255 255 255  255 255 255  255 255 255  255 255 255  250 250 250  255 255 255  255 255 255  255 255 255  255 255 255  255 255 255  255 255 255  255 255 255  255 255 255  255 255 255  255 255 255  255 255 255  255 255 255  255 255 255  255 255 255  255 255 255  255 255 255
255 255 255  255 255 255  255 255 255  255 255 255  255 255 255  255 255 255  255 255 255  255 255 255  255 255 255  255 255 255  255 255 255  255 255 255  250 250 250  255 255 255  255 255 255  255 255 255  255 255 255  255 255 255  255 255 255  255 255 255  255 255 255  250 250 250  255 255 255  255 255 255  255 255 255  255 255 255  255 255 255  255 255 255  255 255 255  255 255 255  255 255 255  255 255 255  255 255 255  255 255 255  255 255 255  255 255 255  255 255 255  255 255 255
255 255 255  255 255 255  255 255 255  255 255 255  255 255 255  255 255 255  255 255 255  255 255 255  255 255 255  255 255 255  255 255 255  255 255 255  250 250 250  255 255 255  255 255 255  255 255 255  250 250 250  250 250 250  255 255 255  255 255 255  255 255 255  250 250 250  255 255 255  255 255 255  255 255 255  255 255 255  255 255 255  255 255 255  255 255 255  255 255 255  255 255 255  255 255 255  255 255 255  255 255 255  255 255 255  255 255 255  255 255 255  255 255 255
255 255 255  255 255 255  255 255 255  255 255 255  255 255 255  255 255 255  255 255 255  255 255 255  255 255 255  255 255 255  255 255 255  255 255 255  250 250 250  255 255 255  255 255 255  255 255 255  250 250 250  250 250 250  255 255 255  255 255 255  255 255 255  250 250 250  255 255 255  255 255 255  255 255 255  255 255 255  255 255 255  255 255 255  255 255 255  255 255 255  255 255 255  255 255 255  255 255 255  255 255 255  255 255 255  255 255 255  255 255 255  255 255 255
255 255 255  255 255 255  255 255 255  255 255 255  255 255 255  255 255 255  255 255 255  255 255 255  255 255 255  255 255 255  255 255 255  255 255 255  250 250 250  255 255 255  255 255 255  255 255 255  250 250 250  250 250 250  255 255 255  255 255 255  255 255 255  250 250 250  255 255 255  255 255 255  255 255 255  255 255 255  255 255 255  255 255 255  255 255 255  255 255 255  255 255 255  255 255 255  255 255 255  255 255 255  255 255 255  255 255 255  255 255 255  255 255 255
255 255 255  255 255 255  255 255 255  255 255 255  255 255 255  255 255 255  255 255 255  255 255 255  255 255 255  255 255 255  255 255 255  255 255 255  250 250 250  255 255 255  255 255 255  255 255 255  250 250 250  250 250 250  255 255 255  255 255 255  255 255 255  250 250 250  255 255 255  255 255 255  255 255 255  255 255 255  255 255 255  255 255 255  255 255 255  255 255 255  255 255 255  255 255 255  255 255 255  255 255 255  255 255 255  255 255 255  255 255 255  255 255 255
255 255 255  255 255 255  255 255 255  255 255 255  255 255 255  255 255 255  255 255 255  255 255 255  0 0 0  0 0 0  0 0 0  0 0 0  250 250 250  255 255 255  255 255 255  255 255 255  250 250 250  250 250 250  255 255 255  255 255 255  255 255 255  250 250 250  0 0 0  0 0 0  0 0 0  0 0 0  255 255 255  255 255 255  255 255 255  255 255 255  255 255 255  255 255 255  255 255 255  255 255 255  255 255 255  255 255 255  255 255 255  255 255 255
255 255 255  255 255 255  255 255 255  255 255 255  255 255 255  255 255 255  0 0 0  0 0 0  249 0 0  249 0 0  249 0 0  249 0 0  250 250 250  0 0 0  255 255 255  255 255 255  250 250 250  250 250 250  255 255 255  255 255 255  0 0 0  250 250 250  249 0 0  249 0 0  249 0 0  249 0 0  0 0 0  0 0 0  255 255 255  255 255 255  255 255 255  255 255 255  255 255 255  255 255 255  255 255 255  255 255 255  255 255 255  255 255 255
255 255 255  255 255 255  255 255 255  255 255 255  255 255 255  0 0 0  249 0 0  249 0 0  249 0 0  249 0 0  249 0 0  249 0 0  249 0 0  250 250 250  0 0 0  255 255 255  250 250 250  250 250 250  255 255 255  0 0 0  250 250 250  249 0 0  249 0 0  249 0 0  249 0 0  249 0 0  249 0 0  249 0 0  0 0 0  255 255 255  255 255 255  255 255 255  255 255 255  255 255 255  255 255 255  255 255 255  255 255 255  255 255 255
255 255 255  255 255 255  255 255 255  255 255 255  0 0 0  249 0 0  249 0 0  249 0 0  249 0 0  249 0 0  249 0 0  249 0 0  249 0 0  249 0 0  250 250 250  0 0 0  250 250 250  250 250 250  0 0 0  250 250 250  249 0 0  249 0 0  249 0 0  249 0 0  249 0 0  249 0 0  249 0 0  249 0 0  249 0 0  0 0 0  255 255 255  255 255 255  255 255 255  255 255 255  255 255 255  255 255 255  255 255 255  255 255 255
255 255 255  255 255 255  255 255 255  255 255 255  0 0 0  249 0 0  249 0 0  249 0 0  249 0 0  249 0 0  249 0 0  249 0 0  249 0 0  249 0 0  249 0 0  250 250 250  250 250 250  250 250 250  250 250 250  249 0 0  249 0 0  249 0 0  249 0 0  249 0 0  249 0 0  249 0 0  249 0 0  249 0 0  249 0 0  0 0 0  255 255 255  255 255 255  255 255 255  255 255 255  255 255 255  255 255 255  255 255 255  255 255 255
255 255 255  255 255 255  255 255 255  0 0 0  249 0 0  249 0 0  249 0 0  249 0 0  249 0 0  0 0 0  0 0 0  249 0 0  249 0 0  249 0 0  249 0 0  249 0 0  0 0 0  0 0 0  249 0 0  249 0 0  249 0 0  249 0 0  249 0 0  0 0 0  0 0 0  249 0 0  249 0 0  249 0 0  249 0 0  249 0 0  0 0 0  255 255 255  255 255 255  255 255 255  255 255 255  255 255 255  255 255 255  255 255 255
255 255 255  255 255 255  255 255 255  0 0 0  249 0 0  249 0 0  249 0 0  249 0 0  0 0 0  255 255 255  255 255 255  0 0 0  249 0 0  249 0 0  249 0 0  249 0 0  0 0 0  0 0 0  249 0 0  249 0 0  249 0 0  249 0 0  0 0 0  255 255 255  255 255 255  0 0 0  249 0 0  249 0 0  249 0 0  249 0 0  0 0 0  255 255 255  255 255 255  255 255 255  255 255 255  255 255 255  255 255 255  255 255 255
255 255 255  255 255 255  255 255 255  0 0 0  0 0 0  0 0 0  0 0 0  0 0 0  0 0 0  243 243 243  243 243 243  0 0 0  0 0 0  0 0 0  0 0 0  0 0 0  0 0 0  0 0 0  0 0 0  0 0 0  0 0 0  0 0 0  0 0 0  243 243 243  243 243 243  0 0 0  0 0 0  0 0 0  0 0 0  0 0 0  0 0 0  255 255 255  255 255 255  255 255 255  255 255 255  255 255 255  255 255 255  255 255 255
255 255 255  255 255 255  255 255 255  0 0 0  243 243 243  243 243 243  243 243 243  243 243 243  255 255 255  0 0 0  0 0 0  243 243 243  243 243 243  243 243 243  243 243 243  243 243 243  0 0 0  0 0 0  243 243 243  243 243 243  243 243 243  243 243 243  255 255 255  0 0 0  0 0 0  243 243 243  243 243 243  243 243 243  243 243 243  243 243 243  0 0 0  255 255 255  255 255 255  255 255 255  255 255 255  255 255 255  255 255 255  255 255 255
255 255 255  255 255 255  255 255 255  255 255 255  0 0 0  243 243 243  243 243 243  243 243 243  243 243 243  243 243 243  243 243 243  243 243 243  243 243 243  243 243 243  243 243 243  0 0 0  255 255 255  255 255 255  0 0 0  243 243 243  243 243 243  243 243 243  243 243 243  243 243 243  243 243 243  243 243 243  243 243 243  243 243 243  243 243 243  0 0 0  255 255 255  255 255 255  255 255 255  255 255 255  255 255 255  255 255 255  255 255 255  255 255 255
255 255 255  255 255 255  255 255 255  255 255 255  0 0 0  243 243 243  243 243 243  243 243 243  243 243 243  243 243 243  243 243 243  243 243 243  243 243 243  243 243 243  243 243 243  0 0 0  255 255 255  255 255 255  0 0 0  243 243 243  243 243 243  243 243 243  243 243 243  243 243 243  243 243 243  243 243 243  243 243 243  243 243 243  243 243 243  0 0 0  255 255 255  255 255 255  255 255 255  255 255 255  255 255 255  255 255 255  255 255 255  255 255 255
255 255 255  255 255 255  255 255 255  255 255 255  255 255 255  0 0 0  243 243 243  243 243 243  243 243 243  243 243 243  243 243 243  243 243 243  243 243 243  243 243 243  0 0 0  255 255 255  255 255 255  255 255 255  255 255 255  0 0 0  243 243 243  243 243 243  243 243 243  243 243 243  243 243 243  243 243 243  243 243 243  243 243 243  0 0 0  255 255 255  255 255 255  255 255 255  255 255 255  255 255 255  255 255 255  255 255 255  255 255 255  255 255 255
255 255 255  255 255 255  255 255 255  255 255 255  255 255 255  255 255 255  0 0 0  0 0 0  243 243 243  243 243 243  243 243 243  243 243 243  0 0 0  0 0 0  255 255 255  255 255 255  255 255 255  255 255 255  255 255 255  255 255 255  0 0 0  0 0 0  243 243 243  243 243 243  243 243 243  243 243 243  0 0 0  0 0 0  255 255 255  255 255 255  255 255 255  255 255 255  255 255 255  255 255 255  255 255 255  255 255 255  255 255 255  255 255 255
255 255 255  255 255 255  255 255 255  255 255 255  255 255 255  255 255 255  255 255 255  255 255 255  0 0 0  0 0 0  0 0 0  0 0 0  255 255 255  255 255 255  255 255 255  255 255 255  255 255 255  255 255 255  255 255 255  255 255 255  255 255 255  255 255 255  0 0 0  0 0 0  0 0 0  0 0 0  255 255 255  255 255 255  255 255 255  255 255 255  255 255 255  255 255 255  255 255 255  255 255 255  255 255 255  255 255 255  255 255 255  255 255 255
255 255 255  255 255 255  255 255 255  255 255 255  255 255 255  255 255 255  255 255 255  255 255 255  0 0 0  0 0 0  0 0 0  0 0 0  255 255 255  255 255 255  255 255 255  255 255 255  255 255 255  255 255 255  255 255 255  255 255 255  255 255 255  255 255 255  0 0 0  0 0 0  0 0 0  0 0 0  255 255 255  255 255 255  255 255 255  255 255 255  255 255 255  255 255 255  255 255 255  255 255 255  255 255 255  255 255 255  255 255 255  255 255 255
255 255 255  255 255 255  255 255 255  255 255 255  255 255 255  255 255 255  0 0 0  0 0 0  249 0 0  249 0 0  249 0 0  249 0 0  0 0 0  0 0 0  255 255 255  255 255 255  255 255 255  255 255 255  255 255 255  255 255 255  0 0 0  0 0 0  249 0 0  249 0 0  249 0 0  249 0 0  0 0 0  0 0 0  255 255 255  255 255 255  255 255 255  255 255 255  255 255 255  255 255 255  255 255 255  255 255 255  255 255 255  255 255 255
255 255 255  255 255 255  255 255 255  255 255 255  255 255 255  0 0 0  249 0 0  249 0 0  249 0 0  249 0 0  249 0 0  249 0 0  249 0 0  249 0 0  0 0 0  255 255 255  255 255 255  255 255 255  255 255 255  0 0 0  249 0 0  249 0 0  249 0 0  249 0 0  249 0 0  249 0 0  249 0 0  249 0 0  0 0 0  255 255 255  255 255 255  255 255 255  255 255 255  255 255 255  255 255 255  255 255 255  255 255 255  255 255 255
255 255 255  255 255 255  255 255 255  255 255 255  0 0 0  249 0 0  249 0 0  249 0 0  249 0 0  249 0 0  249 0 0  249 0 0  249 0 0  249 0 0  249 0 0  0 0 0  255 255 255  255 255 255  0 0 0  249 0 0  249 0 0  249 0 0  249 0 0  249 0 0  249 0 0  249 0 0  249 0 0  249 0 0  249 0 0  0 0 0  255 255 255  255 255 255  255 255 255  255 255 255  255 255 255  255 255 255  255 255 255  255 255 255
255 255 255  255 255 255  255 255 255  255 255 255  0 0 0  249 0 0  249 0 0  249 0 0  249 0 0  249 0 0  249 0 0  249 0 0  249 0 0  249 0 0  249 0 0  0 0 0  255 255 255  255 255 255  0 0 0  249 0 0  249 0 0  249 0 0  249 0 0  249 0 0  249 0 0  249 0 0  249 0 0  249 0 0  249 0 0  0 0 0  255 255 255  255 255 255  255 255 255  255 255 255  255 255 255  255 255 255  255 255 255  255 255 255
255 255 255  255 255 255  255 255 255  0 0 0  249 0 0  249 0 0  249 0 0  249 0 0  249 0 0  0 0 0  0 0 0  249 0 0  249 0 0  249 0 0  249 0 0  249 0 0  0 0 0  0 0 0  249 0 0  249 0 0  249 0 0  249 0 0  249 0 0  0 0 0  0 0 0  249 0 0  249 0 0  249 0 0  249 0 0  249 0 0  0 0 0  255 255 255  255 255 255  255 255 255  255 255 255  255 255 255  255 255 255  255 255 255
255 255 255  255 255 255  255 255 255  0 0 0  249 0 0  249 0 0  249 0 0  249 0 0  0 0 0  255 255 255  255 255 255  0 0 0  249 0 0  249 0 0  249 0 0  249 0 0  0 0 0  0 0 0  249 0 0  249 0 0  249 0 0  249 0 0  0 0 0  255 255 255  255 255 255  0 0 0  249 0 0  249 0 0  249 0 0  249 0 0  0 0 0  255 255 255  255 255 255  255 255 255  255 255 255  255 255 255  255 255 255  255 255 255
255 255 255  255 255 255  255 255 255  0 0 0  0 0 0  0 0 0  0 0 0  0 0 0  0 0 0  243 243 243  243 243 243  0 0 0  0 0 0  0 0 0  0 0 0  0 0 0  0 0 0  0 0 0  0 0 0  0 0 0  0 0 0  0 0 0  0 0 0  243 243 243  243 243 243  0 0 0  0 0 0  0 0 0  0 0 0  0 0 0  0 0 0  255 255 255  255 255 255  255 255 255  255 255 255  255 255 255  255 255 255  255 255 255
255 255 255  255 255 255  255 255 255  0 0 0  243 243 243  243 243 243  243 243 243  243 243 243  255 255 255  0 0 0  0 0 0  243 243 243  243 243 243  243 243 243  243 243 243  243 243 243  0 0 0  0 0 0  243 243 243  243 243 243  243 243 243  243 243 243  255 255 255  0 0 0  0 0 0  243 243 243  243 243 243  243 243 243  243 243 243  243 243 243  0 0 0  255 255 255  255 255 255  255 255 255  255 255 255  255 255 255  255 255 255  255 255 255
255 255 255  255 255 255  255 255 255  255 255 255  0 0 0  243 243 243  243 243 243  243 243 243  243 243 243  243 243 243  243 243 243  243 243 243  243 243 243  243 243 243  243 243 243  0 0 0  255 255 255  255 255 255  0 0 0  243 243 243  243 243 243  243 243 243  243 243 243  243 243 243  243 243 243  243 243 243  243 243 243  243 243 243  243 243 243  0 0 0  255 255 255  255 255 255  255 255 255  255 255 255  255 255 255  255 255 255  255 255 255  255 255 255
255 255 255  255 255 255  255 255 255  255 255 255  0 0 0  243 243 243  243 243 243  243 243 243  243 243 243  243 243 243  243 243 243  243 243 243  243 243 243  243 243 243  243 243 243  0 0 0  255 255 255  255 255 255  0 0 0  243 243 243  243 243 243  243 243 243  243 243 243  243 243 243  243 243 243  243 243 243  243 243 243  243 243 243  243 243 243  0 0 0  255 255 255  255 255 255  255 255 255  255 255 255  255 255 255  255 255 255  255 255 255  255 255 255
255 255 255  255 255 255  255 255 255  255 255 255  255 255 255  0 0 0  243 243 243  243 243 243  243 243 243  243 243 243  243 243 243  243 243 243  243 243 243  243 243 243  0 0 0  255 255 255  255 255 255  255 255 255  255 255 255  0 0 0  243 243 243  243 243 243  243 243 243  243 243 243  243 243 243  243 243 243  243 243 243  243 243 243  0 0 0  255 255 255  255 255 255  255 255 255  255 255 255  255 255 255  255 255 255  255 255 255  255 255 255  255 255 255
255 255 255  255 255 255  255 255 255  255 255 255  255 255 255  255 255 255  0 0 0  0 0 0  243 243 243  243 243 243  243 243 243  243 243 243  0 0 0  0 0 0  255 255 255  255 255 255  255 255 255  255 255 255  255 255 255  255 255 255  0 0 0  0 0 0  243 243 243  243 243 243  243 243 243  243 243 243  0 0 0  0 0 0  255 255 255  255 255 255  255 255 255  255 255 255  255 255 255  255 255 255  255 255 255  255 255 255  255 255 255  255 255 255
255 255 255  255 255 255  255 255 255  255 255 255  255 255 255  255 255 255  255 255 255  255 255 255  0 0 0  0 0 0  0 0 0  0 0 0  255 255 255  255 255 255  255 255 255  255 255 255  255 255 255  255 255 255  255 255 255  255 255 255  255 255 255  255 255 255  0 0 0  0 0 0  0 0 0  0 0 0  255 255 255  255 255 255  255 255 255  255 255 255  255 255 255  255 255 255  255 255 255  255 255 255  255 255 255  255 255 255  255 255 255  255 255 255
