17
20
255 255 255  255 255 255  255 255 255  255 255 255  255 255 255  255 255 255  255 255 255  255 255 255  255 255 255  255 255 255  255 255 255  255 255 255  0 0 0  0 0 0  0 0 0  255 255 255  255 255 255  255 255 255  255 255 255  255 255 255  
255 255 255  255 255 255  255 255 255  255 255 255  255 255 255  255 255 255  255 255 255  255 255 255  255 255 255  255 255 255  255 255 255  0 0 0  181 230 29  181 230 29  181 230 29  0 0 0  255 255 255  255 255 255  255 255 255  255 255 255  
255 255 255  255 255 255  255 255 255  255 255 255  255 255 255  255 255 255  255 255 255  255 255 255  255 255 255  0 0 0  0 0 0  0 0 0  181 230 29  181 230 29  181 230 29  0 0 0  255 255 255  255 255 255  255 255 255  255 255 255  
255 255 255  255 255 255  255 255 255  255 255 255  255 255 255  255 255 255  255 255 255  0 0 0  0 0 0  181 230 29  181 230 29  34 177 76  181 230 29  181 230 29  34 177 76  181 230 29  0 0 0  0 0 0  255 255 255  255 255 255  
255 255 255  255 255 255  255 255 255  0 0 0  255 255 255  255 255 255  0 0 0  181 230 29  181 230 29  181 230 29  34 177 76  34 177 76  181 230 29  181 230 29  34 177 76  181 230 29  181 230 29  181 230 29  0 0 0  255 255 255  
255 255 255  255 255 255  0 0 0  0 162 232  0 0 0  0 0 0  0 0 0  181 230 29  181 230 29  34 177 76  181 230 29  34 177 76  181 230 29  181 230 29  181 230 29  34 177 76  181 230 29  181 230 29  181 230 29  0 0 0  
255 255 255  255 255 255  0 0 0  0 162 232  0 162 232  0 162 232  0 0 0  0 0 0  34 177 76  181 230 29  34 177 76  181 230 29  181 230 29  181 230 29  181 230 29  181 230 29  34 177 76  181 230 29  181 230 29  0 0 0  
255 255 255  255 255 255  0 0 0  0 162 232  0 162 232  0 162 232  0 162 232  9 145 155  0 0 0  181 230 29  34 177 76  181 230 29  181 230 29  181 230 29  181 230 29  181 230 29  34 177 76  181 230 29  181 230 29  0 0 0  
255 255 255  0 0 0  0 162 232  0 162 232  9 145 155  0 162 232  9 145 155  9 145 155  0 162 232  0 0 0  0 0 0  0 0 0  181 230 29  181 230 29  181 230 29  181 230 29  34 177 76  181 230 29  0 0 0  255 255 255  
0 0 0  0 0 0  9 145 155  0 162 232  0 162 232  0 162 232  0 162 232  0 162 232  0 162 232  0 162 232  0 162 232  0 0 0  181 230 29  181 230 29  181 230 29  0 0 0  0 0 0  0 0 0  0 0 0  255 255 255  
0 0 0  0 0 0  9 145 155  0 162 232  0 162 232  0 162 232  9 145 155  0 162 232  0 162 232  0 162 232  0 0 0  9 145 155  0 0 0  0 0 0  0 0 0  9 145 155  9 145 155  9 145 155  0 0 0  255 255 255  
0 0 0  0 162 232  0 162 232  0 162 232  0 162 232  9 145 155  0 162 232  0 0 0  0 0 0  0 162 232  9 145 155  9 145 155  9 145 155  9 145 155  9 145 155  9 145 155  9 145 155  255 255 255  0 0 0  255 255 255  
0 0 0  9 145 155  0 162 232  0 162 232  0 162 232  0 162 232  0 0 0  237 28 36  255 255 255  255 255 255  9 145 155  9 145 155  0 0 0  9 145 155  9 145 155  0 0 0  0 0 0  0 0 0  255 255 255  255 255 255  
255 255 255  0 0 0  9 145 155  0 162 232  0 162 232  0 162 232  0 0 0  237 28 36  255 255 255  0 162 232  9 145 155  0 0 0  9 145 155  9 145 155  0 0 0  255 255 255  255 255 255  255 255 255  255 255 255  255 255 255  
255 255 255  255 255 255  0 0 0  0 0 0  9 145 155  9 145 155  9 145 155  9 145 155  9 145 155  9 145 155  0 0 0  9 145 155  9 145 155  9 145 155  0 0 0  255 255 255  255 255 255  255 255 255  255 255 255  255 255 255  
255 255 255  255 255 255  255 255 255  255 255 255  0 0 0  0 0 0  0 0 0  0 0 0  0 0 0  0 0 0  0 0 0  255 255 255  9 145 155  255 255 255  0 0 0  255 255 255  255 255 255  255 255 255  255 255 255  255 255 255  
255 255 255  255 255 255  255 255 255  255 255 255  255 255 255  255 255 255  255 255 255  255 255 255  255 255 255  255 255 255  255 255 255  0 0 0  0 0 0  0 0 0  255 255 255  255 255 255  255 255 255  255 255 255  255 255 255  255 255 255  
