18
21
255 255 255  255 255 255  255 255 255  255 255 255  255 255 255  255 255 255  255 255 255  255 255 255  255 255 255  255 255 255  255 255 255  255 255 255  255 255 255  255 255 255  255 255 255  255 255 255  255 255 255  0 0 0  255 255 255  255 255 255  255 255 255  
255 255 255  255 255 255  255 255 255  255 255 255  0 0 0  0 0 0  0 0 0  0 0 0  255 255 255  255 255 255  255 255 255  255 255 255  255 255 255  255 255 255  255 255 255  255 255 255  0 0 0  251 0 0  0 0 0  255 255 255  255 255 255  
255 255 255  255 255 255  255 255 255  0 0 0  253 125 0  253 125 0  253 125 0  253 125 0  0 0 0  255 255 255  255 255 255  255 255 255  255 255 255  255 255 255  255 255 255  255 255 255  0 0 0  251 0 0  251 0 0  0 0 0  255 255 255  
255 255 255  255 255 255  0 0 0  253 125 0  253 125 0  253 125 0  253 125 0  253 125 0  253 125 0  0 0 0  255 255 255  255 255 255  255 255 255  255 255 255  255 255 255  255 255 255  0 0 0  251 0 0  251 0 0  0 0 0  255 255 255  
255 255 255  255 255 255  0 0 0  253 125 0  253 125 0  253 125 0  253 125 0  253 125 0  253 125 0  253 125 0  0 0 0  255 255 255  255 255 255  255 255 255  255 255 255  0 0 0  251 0 0  251 0 0  251 0 0  251 0 0  0 0 0  
255 255 255  0 0 0  253 125 0  253 125 0  253 125 0  253 253 253  0 0 0  253 125 0  253 125 0  253 125 0  0 0 0  255 255 255  255 255 255  255 255 255  255 255 255  0 0 0  251 0 0  251 0 0  239 227 119  251 0 0  0 0 0  
0 0 0  253 125 0  253 125 0  253 125 0  253 125 0  0 0 0  0 0 0  253 125 0  253 125 0  253 125 0  253 125 0  0 0 0  255 255 255  255 255 255  255 255 255  0 0 0  251 0 0  239 227 119  239 227 119  251 0 0  0 0 0  
0 0 0  253 125 0  253 125 0  253 125 0  253 125 0  0 0 0  0 0 0  253 125 0  253 125 0  253 125 0  253 125 0  0 0 0  255 255 255  255 255 255  255 255 255  255 255 255  0 0 0  239 227 119  0 0 0  0 0 0  255 255 255  
255 255 255  0 0 0  253 125 0  253 125 0  253 125 0  253 125 0  253 125 0  253 125 0  253 125 0  253 125 0  253 125 0  253 125 0  0 0 0  255 255 255  255 255 255  255 255 255  0 0 0  253 125 0  0 0 0  255 255 255  255 255 255  
255 255 255  255 255 255  0 0 0  0 0 0  253 125 0  253 125 0  253 125 0  253 125 0  253 125 0  253 125 0  253 125 0  253 125 0  253 125 0  0 0 0  255 255 255  0 0 0  253 125 0  253 125 0  0 0 0  255 255 255  255 255 255  
255 255 255  255 255 255  255 255 255  255 255 255  0 0 0  0 0 0  0 0 0  253 125 0  253 125 0  0 0 0  253 125 0  253 125 0  253 125 0  0 0 0  0 0 0  253 125 0  253 125 0  0 0 0  255 255 255  255 255 255  255 255 255  
255 255 255  255 255 255  255 255 255  255 255 255  255 255 255  0 0 0  239 227 119  239 227 119  0 0 0  253 125 0  253 125 0  253 125 0  253 125 0  253 125 0  0 0 0  253 125 0  253 125 0  0 0 0  255 255 255  255 255 255  255 255 255  
255 255 255  255 255 255  255 255 255  255 255 255  255 255 255  0 0 0  239 227 119  239 227 119  239 227 119  0 0 0  0 0 0  253 125 0  253 125 0  253 125 0  0 0 0  253 125 0  0 0 0  255 255 255  255 255 255  255 255 255  255 255 255  
255 255 255  255 255 255  255 255 255  255 255 255  0 0 0  253 253 253  0 0 0  239 227 119  239 227 119  239 227 119  253 125 0  253 125 0  253 125 0  253 125 0  0 0 0  0 0 0  255 255 255  255 255 255  255 255 255  255 255 255  255 255 255  
255 255 255  255 255 255  255 255 255  255 255 255  255 255 255  0 0 0  0 0 0  0 0 0  239 227 119  239 227 119  253 125 0  253 125 0  253 125 0  0 0 0  0 0 0  255 255 255  255 255 255  255 255 255  255 255 255  255 255 255  255 255 255  
255 255 255  255 255 255  255 255 255  255 255 255  255 255 255  255 255 255  255 255 255  255 255 255  0 0 0  0 0 0  0 0 0  253 125 0  0 0 0  0 0 0  255 255 255  255 255 255  255 255 255  255 255 255  255 255 255  255 255 255  255 255 255  
255 255 255  255 255 255  255 255 255  255 255 255  255 255 255  255 255 255  255 255 255  255 255 255  255 255 255  0 0 0  253 253 253  253 125 0  253 253 253  0 0 0  255 255 255  255 255 255  255 255 255  255 255 255  255 255 255  255 255 255  255 255 255  
255 255 255  255 255 255  255 255 255  255 255 255  255 255 255  255 255 255  255 255 255  255 255 255  255 255 255  255 255 255  0 0 0  0 0 0  0 0 0  0 0 0  255 255 255  255 255 255  255 255 255  255 255 255  255 255 255  255 255 255  255 255 255  
