1717
17
0 0 0  0 0 0  255 255 255  255 255 255  255 255 255  255 255 255  255 255 255  255 255 255  255 255 255  255 255 255  255 255 255  255 255 255  255 255 255  255 255 255  255 255 255  255 255 255  255 255 255  
0 0 0  218 112 61  0 0 0  0 0 0  255 255 255  255 255 255  255 255 255  255 255 255  255 255 255  255 255 255  255 255 255  0 0 0  0 0 0  0 0 0  255 255 255  0 0 0  0 0 0  
0 0 0  218 112 61  218 112 61  133 74 54  0 0 0  255 255 255  255 255 255  255 255 255  255 255 255  0 0 0  0 0 0  218 112 61  218 112 61  0 0 0  0 0 0  252 252 252  0 0 0  
255 255 255  0 0 0  133 74 54  133 74 54  0 0 0  0 0 0  0 0 0  0 0 0  0 0 0  218 112 61  218 112 61  0 0 0  0 0 0  0 0 0  252 252 252  252 252 252  0 0 0  
255 255 255  0 0 0  133 74 54  218 112 61  218 112 61  218 112 61  133 74 54  0 0 0  218 112 61  218 112 61  0 0 0  133 74 54  0 0 0  218 112 61  218 112 61  252 252 252  0 0 0  
255 255 255  255 255 255  0 0 0  218 112 61  218 112 61  218 112 61  218 112 61  133 74 54  133 74 54  0 0 0  0 0 0  133 74 54  0 0 0  133 74 54  218 112 61  252 252 252  0 0 0  
255 255 255  0 0 0  218 112 61  218 112 61  218 112 61  218 112 61  218 112 61  133 74 54  133 74 54  133 74 54  133 74 54  0 0 0  0 0 0  133 74 54  133 74 54  0 0 0  255 255 255  
255 255 255  0 0 0  218 112 61  218 112 61  218 112 61  218 112 61  0 0 0  0 0 0  133 74 54  133 74 54  0 0 0  252 252 252  133 74 54  0 0 0  133 74 54  0 0 0  255 255 255  
255 255 255  0 0 0  218 112 61  218 112 61  218 112 61  133 74 54  252 252 252  0 0 0  133 74 54  133 74 54  0 0 0  252 252 252  133 74 54  0 0 0  0 0 0  255 255 255  255 255 255  
255 255 255  0 0 0  218 112 61  218 112 61  133 74 54  133 74 54  0 0 0  0 0 0  133 74 54  133 74 54  0 0 0  252 252 252  0 0 0  133 74 54  0 0 0  255 255 255  255 255 255  
255 255 255  255 255 255  0 0 0  0 0 0  133 74 54  133 74 54  133 74 54  133 74 54  0 0 0  0 0 0  252 252 252  0 0 0  133 74 54  133 74 54  0 0 0  255 255 255  255 255 255  
255 255 255  255 255 255  0 0 0  252 252 252  0 0 0  0 0 0  0 0 0  0 0 0  252 252 252  252 252 252  0 0 0  133 74 54  133 74 54  133 74 54  0 0 0  255 255 255  255 255 255  
255 255 255  255 255 255  255 255 255  0 0 0  252 252 252  252 252 252  252 252 252  252 252 252  252 252 252  0 0 0  0 0 0  0 0 0  133 74 54  133 74 54  0 0 0  255 255 255  255 255 255  
255 255 255  255 255 255  255 255 255  0 0 0  0 0 0  0 0 0  0 0 0  0 0 0  0 0 0  133 74 54  0 0 0  255 255 255  0 0 0  0 0 0  255 255 255  255 255 255  255 255 255  
255 255 255  255 255 255  255 255 255  0 0 0  133 74 54  133 74 54  0 0 0  133 74 54  133 74 54  0 0 0  255 255 255  255 255 255  255 255 255  255 255 255  255 255 255  255 255 255  255 255 255  
255 255 255  255 255 255  255 255 255  255 255 255  0 0 0  0 0 0  218 112 61  133 74 54  218 112 61  0 0 0  255 255 255  255 255 255  255 255 255  255 255 255  255 255 255  255 255 255  255 255 255  
255 255 255  255 255 255  255 255 255  255 255 255  255 255 255  255 255 255  0 0 0  0 0 0  0 0 0  255 255 255  255 255 255  255 255 255  255 255 255  255 255 255  255 255 255  255 255 255  255 255 255 
