20
20
255 255 255  255 255 255  255 255 255  255 255 255  255 255 255  255 255 255  255 255 255  255 255 255  0 0 0  0 0 0  0 0 0  0 0 0  255 255 255  255 255 255  255 255 255  255 255 255  255 255 255  255 255 255  255 255 255  255 255 255  
255 255 255  255 255 255  255 255 255  255 255 255  255 255 255  255 255 255  255 255 255  0 0 0  201 0 10  251 0 20  251 0 20  251 0 20  0 0 0  0 0 0  0 0 0  255 255 255  255 255 255  255 255 255  255 255 255  255 255 255  
255 255 255  255 255 255  255 255 255  255 255 255  255 255 255  255 255 255  0 0 0  0 0 0  0 0 0  0 0 0  253 160 113  253 160 113  0 0 0  201 0 10  201 0 10  0 0 0  255 255 255  255 255 255  255 255 255  255 255 255  
255 255 255  255 255 255  255 255 255  255 255 255  255 255 255  0 0 0  251 0 20  236 66 0  253 119 0  253 119 0  0 0 0  0 0 0  0 0 0  0 0 0  0 0 0  251 0 20  0 0 0  255 255 255  255 255 255  255 255 255  
255 255 255  255 255 255  255 255 255  255 255 255  0 0 0  201 0 10  236 66 0  253 253 253  253 119 0  253 119 0  0 0 0  236 66 0  236 66 0  236 66 0  236 66 0  0 0 0  0 0 0  255 255 255  255 255 255  255 255 255  
255 255 255  255 255 255  255 255 255  255 255 255  0 0 0  253 253 253  251 0 20  236 66 0  253 119 0  0 0 0  201 0 10  236 66 0  253 119 0  253 119 0  253 253 253  251 0 20  0 0 0  255 255 255  255 255 255  255 255 255  
255 255 255  255 255 255  255 255 255  255 255 255  0 0 0  201 0 10  251 0 20  251 0 20  251 0 20  0 0 0  201 0 10  253 253 253  253 119 0  253 119 0  253 119 0  251 0 20  0 0 0  0 0 0  0 0 0  255 255 255  
255 255 255  0 0 0  255 255 255  0 0 0  251 0 20  0 0 0  251 0 20  251 0 20  251 0 20  0 0 0  201 0 10  201 0 10  251 0 20  253 253 253  251 0 20  251 0 20  0 0 0  251 0 20  0 0 0  255 255 255  
0 0 0  201 0 10  0 0 0  0 0 0  251 0 20  251 0 20  0 0 0  0 0 0  0 0 0  0 0 0  0 0 0  201 0 10  251 0 20  251 0 20  251 0 20  0 0 0  201 0 10  251 0 20  0 0 0  255 255 255  
0 0 0  201 0 10  251 0 20  251 0 20  251 0 20  201 0 10  0 0 0  80 59 255  80 59 255  80 59 255  80 59 255  0 0 0  0 0 0  0 0 0  0 0 0  0 0 0  0 0 0  251 0 20  0 0 0  255 255 255  
255 255 255  0 0 0  251 0 20  251 0 20  201 0 10  0 0 0  80 59 255  80 59 255  143 118 255  143 118 255  80 59 255  80 59 255  80 59 255  80 59 255  80 59 255  0 0 0  80 59 255  0 0 0  255 255 255  255 255 255  
255 255 255  255 255 255  0 0 0  0 0 0  0 0 0  80 59 255  80 59 255  80 59 255  143 118 255  143 118 255  143 118 255  0 0 0  143 118 255  143 118 255  143 118 255  143 118 255  0 0 0  0 0 0  255 255 255  255 255 255  
255 255 255  255 255 255  255 255 255  255 255 255  0 0 0  0 0 0  45 0 255  80 59 255  143 118 255  0 0 0  0 0 0  143 118 255  143 118 255  143 118 255  251 0 20  251 0 20  0 0 0  255 255 255  255 255 255  255 255 255  
255 255 255  255 255 255  255 255 255  0 0 0  80 59 255  143 118 255  143 118 255  80 59 255  80 59 255  143 118 255  143 118 255  143 118 255  251 0 20  251 0 20  143 118 255  143 118 255  0 0 0  255 255 255  255 255 255  255 255 255  
255 255 255  255 255 255  255 255 255  0 0 0  80 59 255  80 59 255  80 59 255  45 0 255  80 59 255  143 118 255  143 118 255  251 0 20  253 253 253  143 118 255  143 118 255  0 0 0  255 255 255  255 255 255  255 255 255  255 255 255  
255 255 255  255 255 255  255 255 255  255 255 255  0 0 0  0 0 0  0 0 0  80 59 254  80 59 255  143 118 255  143 118 255  143 118 255  143 118 255  80 59 255  0 0 0  0 0 0  255 255 255  255 255 255  255 255 255  255 255 255  
255 255 255  255 255 255  255 255 255  255 255 255  255 255 255  255 255 255  0 0 0  45 0 255  45 0 255  80 59 255  80 59 255  80 59 255  0 0 0  0 0 0  80 59 255  80 59 255  0 0 0  255 255 255  255 255 255  255 255 255  
255 255 255  255 255 255  255 255 255  255 255 255  255 255 255  255 255 255  255 255 255  0 0 0  0 0 0  0 0 0  0 0 0  0 0 0  0 0 0  0 0 0  0 0 0  0 0 0  255 255 255  255 255 255  255 255 255  255 255 255  
255 255 255  255 255 255  255 255 255  255 255 255  255 255 255  255 255 255  255 255 255  0 0 0  80 59 255  80 59 255  0 0 0  255 255 255  255 255 255  255 255 255  255 255 255  255 255 255  255 255 255  255 255 255  255 255 255  255 255 255  
255 255 255  255 255 255  255 255 255  255 255 255  255 255 255  255 255 255  255 255 255  255 255 255  0 0 0  0 0 0  255 255 255  255 255 255  255 255 255  255 255 255  255 255 255  255 255 255  255 255 255  255 255 255  255 255 255  255 255 255 
