23
25
255 255 255  255 255 255  255 255 255  255 255 255  255 255 255  255 255 255  255 255 255  0 0 0  0 0 0  255 255 255  255 255 255  255 255 255  255 255 255  255 255 255  255 255 255  255 255 255  0 0 0  0 0 0  255 255 255  255 255 255  255 255 255  255 255 255  255 255 255  255 255 255  255 255 255  
255 255 255  255 255 255  255 255 255  255 255 255  255 255 255  255 255 255  255 255 255  0 0 0  255 255 0  0 0 0  255 255 255  0 0 0  0 0 0  0 0 0  255 255 255  0 0 0  255 255 0  0 0 0  255 255 255  255 255 255  255 255 255  255 255 255  255 255 255  255 255 255  255 255 255  
255 255 255  255 255 255  255 255 255  255 255 255  255 255 255  255 255 255  255 255 255  0 0 0  194 114 42  255 255 0  0 0 0  205 156 0  255 255 0  205 156 0  0 0 0  255 255 255  194 114 42  0 0 0  255 255 255  255 255 255  255 255 255  255 255 255  255 255 255  255 255 255  255 255 255  
255 255 255  255 255 255  255 255 255  255 255 255  255 255 255  255 255 255  0 0 0  0 47 121  194 114 42  255 255 0  205 156 0  255 255 0  255 255 0  255 255 0  205 156 0  255 255 0  194 114 42  0 47 121  0 0 0  255 255 255  0 0 0  0 0 0  0 0 0  255 255 255  255 255 255  
255 255 255  255 255 255  255 255 255  255 255 255  255 255 255  0 0 0  178 192 255  0 47 121  194 114 42  255 255 0  255 255 0  255 255 0  255 255 0  255 255 0  255 255 0  255 255 0  194 114 42  0 47 121  255 255 255  0 0 0  255 255 0  255 255 0  255 255 0  0 0 0  255 255 255  
255 255 255  255 255 255  255 255 255  255 255 255  0 0 0  255 255 255  255 255 255  0 47 121  255 255 0  255 255 0  255 255 0  255 255 0  255 255 0  255 255 0  255 255 0  255 255 0  255 255 0  0 47 121  0 0 0  255 255 0  255 255 0  255 255 0  255 255 0  255 255 0  0 0 0  
255 255 255  255 255 255  255 255 255  0 0 0  0 0 0  178 192 255  255 255 255  178 192 255  194 114 42  0 0 0  255 255 3  255 255 0  255 255 0  255 255 0  255 255 0  0 0 0  194 114 42  178 192 255  0 0 0  255 255 0  205 156 0  255 255 0  205 156 0  194 114 42  0 0 0  
255 255 255  255 255 255  0 0 0  205 156 0  0 47 121  0 53 181  178 192 255  0 53 181  194 114 42  255 255 255  0 0 0  205 156 0  255 255 0  205 156 0  0 0 0  255 255 255  194 114 42  0 53 181  178 192 255  0 0 0  194 114 42  205 156 0  194 114 42  0 0 0  255 255 255  
255 255 255  0 0 0  194 114 42  255 255 0  205 156 0  0 47 121  255 255 255  178 192 255  194 114 42  205 156 0  255 255 0  205 156 0  255 255 0  205 156 0  255 255 0  205 156 0  194 114 42  178 192 255  255 255 255  0 47 121  0 0 0  0 0 0  0 0 0  0 0 0  255 255 255  
0 0 0  194 114 42  255 255 0  194 114 42  0 0 0  0 0 0  178 192 255  255 255 255  194 114 42  205 156 0  194 114 42  255 255 0  255 255 0  255 255 0  194 114 42  205 156 0  194 114 42  255 255 255  0 47 121  205 156 0  0 0 0  205 156 0  0 0 0  255 255 255  255 255 255  
0 0 0  205 156 0  255 255 0  255 255 0  255 255 0  0 0 0  0 47 121  178 192 255  255 255 255  194 114 42  194 114 42  255 255 0  255 255 0  255 255 0  194 114 42  194 114 42  178 192 255  178 192 255  0 0 0  0 0 0  0 0 0  0 0 0  255 255 255  255 255 255  255 255 255  
255 255 255  0 0 0  255 255 0  255 255 0  255 255 0  205 156 0  0 0 0  0 47 121  178 192 255  255 255 255  0 53 181  194 114 42  255 255 0  194 114 42  0 53 181  255 255 255  178 192 255  0 0 0  214 237 240  0 0 0  255 255 255  0 0 0  255 255 255  255 255 255  255 255 255  
255 255 255  0 0 0  194 114 42  255 255 0  255 255 0  194 114 42  205 156 0  0 0 0  194 114 42  178 192 255  255 255 255  0 53 181  194 114 42  0 53 181  255 255 255  178 192 255  0 47 121  0 0 0  0 0 0  255 255 255  0 47 121  178 192 255  0 0 0  255 255 255  255 255 255  
255 255 255  255 255 255  0 0 0  205 156 0  205 156 0  255 255 0  0 0 0  194 114 42  205 156 0  0 47 121  0 47 121  255 255 255  255 255 255  178 192 255  0 47 121  0 47 121  194 114 42  194 114 42  0 0 0  0 0 0  178 192 255  0 0 0  255 255 255  255 255 255  255 255 255  
255 255 255  255 255 255  255 255 255  0 0 0  255 255 0  194 114 42  205 156 0  0 0 0  205 156 0  205 156 0  255 255 0  0 47 121  0 47 121  0 47 121  205 156 0  205 156 0  194 114 42  205 156 0  194 114 42  0 0 0  0 0 0  255 255 255  255 255 255  255 255 255  255 255 255  
255 255 255  255 255 255  255 255 255  255 255 255  0 0 0  0 0 0  0 0 0  205 156 0  205 156 0  194 114 42  205 156 0  255 255 3  255 255 255  205 156 0  194 114 42  194 114 42  205 156 0  205 156 0  205 156 0  194 114 42  0 0 0  255 255 255  255 255 255  255 255 255  255 255 255  
255 255 255  255 255 255  255 255 255  255 255 255  0 0 0  205 156 0  255 255 0  255 255 0  205 156 0  194 114 42  0 0 0  0 0 0  0 0 0  0 0 0  0 0 0  194 114 42  205 156 0  255 255 0  255 255 0  205 156 0  0 0 0  255 255 255  255 255 255  255 255 255  255 255 255  
255 255 255  255 255 255  255 255 255  255 255 255  0 0 0  255 255 0  255 255 0  255 255 0  194 114 42  0 0 0  255 255 255  255 255 255  255 255 255  255 255 255  255 255 255  0 0 0  194 114 42  255 255 0  255 255 0  255 255 0  0 0 0  255 255 255  255 255 255  255 255 255  255 255 255  
255 255 255  255 255 255  255 255 255  255 255 255  0 0 0  194 114 42  255 255 0  205 156 0  194 114 42  194 114 42  0 0 0  255 255 255  255 255 255  255 255 255  0 0 0  194 114 42  194 114 42  205 156 0  255 255 0  194 114 42  0 0 0  255 255 255  255 255 255  255 255 255  255 255 255  
255 255 255  255 255 255  255 255 255  255 255 255  0 0 0  194 114 42  194 114 42  194 114 42  194 114 42  205 156 0  0 0 0  255 255 255  255 255 255  255 255 255  0 0 0  205 156 0  194 114 42  194 114 42  194 114 42  194 114 42  0 0 0  255 255 255  255 255 255  255 255 255  255 255 255  
255 255 255  255 255 255  255 255 255  0 0 0  205 156 0  205 156 0  194 114 42  205 156 0  205 156 0  0 0 0  255 255 255  255 255 255  255 255 255  255 255 255  255 255 255  0 0 0  205 156 0  205 156 0  194 114 42  205 156 0  205 156 0  0 0 0  255 255 255  255 255 255  255 255 255  
255 255 255  255 255 255  255 255 255  255 255 255  0 0 0  255 255 0  255 255 0  205 156 0  0 0 0  255 255 255  255 255 255  255 255 255  255 255 255  255 255 255  255 255 255  255 255 255  0 0 0  205 156 0  255 255 0  255 255 0  0 0 0  255 255 255  255 255 255  255 255 255  255 255 255  
255 255 255  255 255 255  255 255 255  255 255 255  255 255 255  0 0 0  0 0 0  0 0 0  255 255 255  255 255 255  255 255 255  255 255 255  255 255 255  255 255 255  255 255 255  255 255 255  255 255 255  0 0 0  0 0 0  0 0 0  255 255 255  255 255 255  255 255 255  255 255 255  255 255 255  
