
18
18
255 255 255  255 255 255  0 0 0  0 0 0  0 0 0  255 255 255  255 255 255  255 255 255  255 255 255  255 255 255  255 255 255  255 255 255  255 255 255  255 255 255  255 255 255  255 255 255  255 255 255  255 255 255  
255 255 255  255 255 255  0 0 0  255 255 0  255 255 0  0 0 0  0 0 0  0 0 0  0 0 0  0 0 0  255 255 255  0 0 0  0 0 0  0 0 0  255 255 255  255 255 255  255 255 255  255 255 255  
255 255 255  255 255 255  0 0 0  255 255 0  254 207 0  255 255 0  255 255 0  255 255 0  255 255 0  254 207 0  0 0 0  255 255 0  255 255 0  0 0 0  255 255 255  255 255 255  255 255 255  255 255 255  
255 255 255  255 255 255  255 255 255  0 0 0  254 207 0  255 255 0  255 255 0  255 255 0  255 255 0  254 207 0  254 207 0  255 255 0  255 255 0  0 0 0  255 255 255  255 255 255  255 255 255  255 255 255  
255 255 255  255 255 255  0 0 0  255 255 0  0 0 0  255 255 0  255 255 0  255 255 0  255 255 0  254 207 0  254 207 0  254 207 0  0 0 0  255 255 255  255 255 255  255 255 255  255 255 255  255 255 255  
255 255 255  255 255 255  0 0 0  255 255 0  255 255 0  0 0 0  255 255 0  255 255 0  255 255 0  0 0 0  0 0 0  254 207 0  254 207 0  0 0 0  255 255 255  255 255 255  255 255 255  255 255 255  
255 255 255  255 255 255  255 255 255  0 0 0  255 255 0  0 0 0  255 255 0  255 255 0  0 0 0  254 207 0  254 207 0  254 207 0  254 207 0  0 0 0  255 255 255  255 255 255  0 0 0  0 0 0  
255 255 255  255 255 255  0 0 0  0 0 0  254 207 0  254 207 0  254 207 0  254 207 0  254 207 0  254 207 0  254 207 0  0 0 0  0 0 0  255 255 255  255 255 255  0 0 0  255 255 0  0 0 0  
255 255 255  0 0 0  196 114 42  196 114 42  0 0 0  0 0 0  254 207 0  254 207 0  254 207 0  0 0 0  0 0 0  120 52 9  0 0 0  255 255 255  255 255 255  0 0 0  255 255 0  0 0 0  
255 255 255  255 255 255  0 0 0  120 52 9  120 52 9  0 0 0  0 0 0  0 0 0  0 0 0  0 0 0  120 52 9  120 52 9  120 52 9  0 0 0  0 0 0  255 255 0  0 0 0  255 255 255  
255 255 255  0 0 0  255 255 255  0 0 0  0 0 0  196 114 42  196 114 42  196 114 42  0 0 0  0 0 0  0 0 0  0 0 0  0 0 0  0 0 0  254 207 0  255 255 0  0 0 0  255 255 255  
0 0 0  0 0 0  0 0 0  0 0 0  0 0 0  196 114 42  196 114 42  196 114 42  120 52 9  0 0 0  0 0 0  254 207 0  0 0 0  254 207 0  254 207 0  0 0 0  255 255 255  255 255 255  
0 0 0  255 255 0  254 207 0  254 207 0  0 0 0  255 255 0  255 255 0  0 0 0  0 0 0  120 52 9  0 0 0  254 207 0  255 255 0  0 0 0  0 0 0  255 255 255  255 255 255  255 255 255  
0 0 0  255 255 0  255 255 0  255 255 0  254 207 0  0 0 0  254 207 0  0 0 0  255 255 0  0 0 0  255 255 0  0 0 0  255 255 0  255 255 0  0 0 0  255 255 255  255 255 255  255 255 255  
255 255 255  0 0 0  255 255 0  255 255 0  254 207 0  0 0 0  0 0 0  0 0 0  255 255 0  255 255 0  255 255 0  0 0 0  254 207 0  255 255 0  0 0 0  255 255 255  255 255 255  255 255 255  
255 255 255  0 0 0  255 255 0  255 255 0  0 0 0  255 255 255  255 255 255  0 0 0  255 255 0  255 255 0  255 255 0  0 0 0  0 0 0  0 0 0  0 0 0  255 255 255  255 255 255  255 255 255  
255 255 255  255 255 255  0 0 0  0 0 0  255 255 255  255 255 255  255 255 255  255 255 255  0 0 0  255 255 0  0 0 0  255 255 255  255 255 255  255 255 255  255 255 255  255 255 255  255 255 255  255 255 255  
255 255 255  255 255 255  255 255 255  255 255 255  255 255 255  255 255 255  255 255 255  255 255 255  0 0 0  0 0 0  0 0 0  255 255 255  255 255 255  255 255 255  255 255 255  255 255 255  255 255 255  255 255 255  
