21
18
255 255 255  255 255 255  255 255 255  255 255 255  255 255 255  255 255 255  255 255 255  255 255 255  255 255 255  255 255 255  0 0 0  255 255 255  255 255 255  255 255 255  255 255 255  255 255 255  255 255 255  255 255 255  
255 255 255  255 255 255  255 255 255  255 255 255  255 255 255  255 255 255  255 255 255  255 255 255  0 0 0  0 0 0  255 255 0  0 0 0  255 255 255  255 255 255  255 255 255  255 255 255  255 255 255  255 255 255  
255 255 255  255 255 255  255 255 255  255 255 255  255 255 255  255 255 255  255 255 255  0 0 0  255 255 0  0 0 0  255 255 0  0 0 0  255 255 255  255 255 255  255 255 255  255 255 255  255 255 255  255 255 255  
255 255 255  255 255 255  255 255 255  255 255 255  255 255 255  255 255 255  255 255 255  0 0 0  255 255 0  175 185 0  175 185 0  0 0 0  255 255 255  255 255 255  255 255 255  255 255 255  255 255 255  255 255 255  
255 255 255  255 255 255  255 255 255  255 255 255  255 255 255  255 255 255  255 255 255  0 0 0  255 255 0  0 0 0  0 0 0  0 0 0  255 255 255  255 255 255  255 255 255  255 255 255  0 0 0  0 0 0  
255 255 255  255 255 255  255 255 255  255 255 255  255 255 255  255 255 255  255 255 255  0 0 0  0 0 0  255 125 0  255 125 0  255 125 0  0 0 0  255 255 255  255 255 255  0 0 0  255 125 0  0 0 0  
255 255 255  255 255 255  255 255 255  255 255 255  255 255 255  255 255 255  0 0 0  255 125 0  255 125 0  0 0 0  255 125 0  255 125 0  255 125 0  0 0 0  255 255 255  0 0 0  251 251 251  0 0 0  
255 255 255  255 255 255  255 255 255  255 255 255  255 255 255  0 0 0  255 125 0  255 125 0  255 125 0  255 125 0  0 0 0  255 125 0  255 125 0  255 125 0  0 0 0  255 125 0  251 251 251  0 0 0  
255 255 255  255 255 255  255 255 255  255 255 255  255 255 255  0 0 0  255 125 0  255 125 0  255 125 0  251 251 251  0 0 0  255 125 0  255 125 0  255 125 0  0 0 0  251 251 251  251 251 251  0 0 0  
255 255 255  255 255 255  255 255 255  255 255 255  0 0 0  255 125 0  255 125 0  255 125 0  251 251 251  251 251 251  251 251 251  0 0 0  255 125 0  175 54 0  175 54 0  0 0 0  78 167 254  0 0 0  
255 255 255  255 255 255  0 0 0  0 0 0  0 0 0  255 125 0  255 125 0  255 125 0  251 251 251  0 0 0  251 251 251  0 0 0  175 54 0  175 54 0  175 54 0  0 0 0  251 251 251  0 0 0  
255 255 255  0 0 0  251 251 251  251 251 251  0 0 0  255 125 0  255 125 0  255 125 0  251 251 251  251 251 251  251 251 251  0 0 0  0 0 0  0 0 0  0 0 0  0 0 0  251 251 251  0 0 0  
255 255 255  0 0 0  78 167 254  0 0 0  0 0 0  255 69 156  255 69 156  255 125 0  175 54 0  251 251 251  175 54 0  251 251 251  251 251 251  251 251 251  251 251 251  0 0 0  78 167 254  0 0 0  
255 255 255  255 255 255  175 185 0  0 0 0  255 69 156  0 0 0  0 0 0  255 69 156  175 54 0  175 54 0  175 185 0  175 185 0  78 167 254  78 167 254  78 167 254  0 0 0  251 251 251  0 0 0  
255 255 255  255 255 255  175 185 0  0 0 0  255 69 156  0 0 0  0 0 0  255 69 156  175 54 0  175 54 0  255 255 0  255 255 0  175 185 0  78 167 254  0 0 0  0 0 0  255 125 0  0 0 0  
255 255 255  255 255 255  175 185 0  255 255 0  0 0 0  255 69 156  255 69 156  175 54 0  175 54 0  175 54 0  175 185 0  175 185 0  255 255 0  175 185 0  255 255 255  255 255 255  0 0 0  0 0 0  
255 255 255  175 185 0  175 185 0  255 255 0  175 185 0  0 0 0  0 0 0  175 54 0  175 54 0  175 54 0  0 0 0  0 0 0  175 185 0  255 255 0  175 185 0  255 255 255  255 255 255  255 255 255  
175 185 0  255 255 0  255 255 0  175 185 0  255 255 255  255 255 255  255 255 255  0 0 0  0 0 0  0 0 0  175 185 0  0 0 0  175 185 0  255 255 0  175 185 0  175 185 0  255 255 255  255 255 255  
255 255 255  175 185 0  175 185 0  255 255 255  255 255 255  255 255 255  255 255 255  255 255 255  0 0 0  255 255 0  175 185 0  175 185 0  255 255 255  175 185 0  255 255 0  255 255 0  175 185 0  255 255 255  
255 255 255  255 255 255  255 255 255  255 255 255  255 255 255  255 255 255  255 255 255  255 255 255  0 0 0  255 255 0  0 0 0  255 255 255  255 255 255  255 255 255  175 185 0  175 185 0  255 255 255  255 255 255  
255 255 255  255 255 255  255 255 255  255 255 255  255 255 255  255 255 255  255 255 255  255 255 255  255 255 255  0 0 0  255 255 255  255 255 255  255 255 255  255 255 255  255 255 255  255 255 255  255 255 255  255 255 255
