16
18
255 255 255  255 255 255  255 255 255  255 255 255  255 255 255  255 255 255  255 255 255  0 0 0  0 0 0  0 0 0  0 0 0  0 0 0  0 0 0  255 255 255  255 255 255  255 255 255  255 255 255  255 255 255  
255 255 255  255 255 255  255 255 255  255 255 255  255 255 255  0 0 0  0 0 0  255 255 0  255 255 0  255 255 0  255 255 0  255 255 0  252 209 0  0 0 0  0 0 0  255 255 255  255 255 255  255 255 255  
255 255 255  255 255 255  255 255 255  255 255 255  0 0 0  255 255 0  252 209 0  252 209 0  252 209 0  252 209 0  255 255 0  255 255 0  255 255 0  252 209 0  252 209 0  0 0 0  255 255 255  255 255 255  
255 255 255  255 255 255  255 255 255  0 0 0  252 209 0  252 209 0  255 255 0  255 255 0  255 255 0  255 255 0  252 209 0  252 209 0  255 255 0  255 255 0  252 209 0  252 209 0  0 0 0  255 255 255  
255 255 255  255 255 255  255 255 255  0 0 0  255 255 0  255 255 0  255 255 0  255 255 0  255 255 0  255 255 0  255 255 0  255 255 0  252 209 0  255 255 0  252 209 0  252 209 0  0 0 0  255 255 255  
255 255 255  255 255 255  0 0 0  255 255 0  252 209 0  252 209 0  252 209 0  252 209 0  252 209 0  252 209 0  255 255 0  255 255 0  255 255 0  252 209 0  0 0 0  252 209 0  252 209 0  0 0 0  
255 255 255  255 255 255  0 0 0  255 255 0  255 255 0  255 255 0  255 255 0  255 255 0  255 255 0  255 255 0  252 209 0  252 209 0  255 255 0  0 0 0  252 209 0  0 0 0  252 209 0  0 0 0  
255 255 255  255 255 255  0 0 0  252 209 0  0 0 0  0 0 0  255 255 0  255 255 0  255 255 0  255 255 0  255 255 0  255 255 0  252 209 0  0 0 0  252 209 0  0 0 0  252 209 0  0 0 0  
255 255 255  255 255 255  0 0 0  0 0 0  255 255 255  255 255 255  0 0 0  252 209 0  252 209 0  0 0 0  0 0 0  252 209 0  252 209 0  0 0 0  252 209 0  0 0 0  252 209 0  0 0 0  
255 255 255  255 255 255  0 0 0  255 255 255  0 0 0  0 0 0  255 255 255  0 0 0  0 0 0  255 255 255  255 255 255  0 0 0  252 209 0  0 0 0  252 209 0  252 209 0  252 209 0  0 0 0  
255 255 255  255 255 255  0 0 0  255 255 255  0 0 0  0 0 0  255 255 255  0 0 0  255 255 255  0 0 0  0 0 0  255 255 255  0 0 0  0 0 0  252 209 0  252 209 0  0 0 0  255 255 255  
255 255 255  0 0 0  0 180 254  0 180 254  255 255 255  255 255 255  0 180 254  0 180 254  255 255 255  0 0 0  0 0 0  255 255 255  12 92 255  12 92 255  0 0 0  0 0 0  255 255 255  255 255 255  
0 0 0  0 180 254  0 180 254  0 0 0  0 180 254  0 180 254  0 180 254  0 180 254  0 180 254  255 255 255  255 255 255  12 92 255  12 92 255  12 92 255  0 0 0  255 255 255  255 255 255  255 255 255  
255 255 255  0 0 0  0 0 0  0 180 254  0 180 254  0 0 0  0 180 254  0 180 254  0 180 254  12 92 255  12 92 255  12 92 255  0 0 0  12 92 255  12 92 255  0 0 0  255 255 255  255 255 255  
255 255 255  255 255 255  0 0 0  0 0 0  0 0 0  0 180 254  0 180 254  0 0 0  12 92 255  12 92 255  0 0 0  12 92 255  12 92 255  0 0 0  0 0 0  255 255 255  255 255 255  255 255 255  
255 255 255  255 255 255  255 255 255  255 255 255  255 255 255  0 0 0  0 0 0  255 255 255  0 0 0  0 0 0  255 255 255  0 0 0  0 0 0  255 255 255  255 255 255  255 255 255  255 255 255  255 255 255  
