42
37
255 255 255  255 255 255  255 255 255  255 255 255  255 255 255  255 255 255  255 255 255  255 255 255  255 255 255  255 255 255  255 255 255  255 255 255  255 255 255  255 255 255  255 255 255  255 255 255  255 255 255  255 255 255  255 255 255  255 255 255  255 255 255  255 255 255  255 255 255  255 255 255  255 255 255  255 255 255  255 255 255  255 255 255  255 255 255  255 255 255  255 255 255  255 255 255  255 255 255  255 255 255  255 255 255  0 0 0  0 0 0  
255 255 255  255 255 255  255 255 255  255 255 255  255 255 255  255 255 255  255 255 255  255 255 255  255 255 255  255 255 255  255 255 255  255 255 255  255 255 255  255 255 255  255 255 255  255 255 255  255 255 255  255 255 255  255 255 255  255 255 255  255 255 255  255 255 255  255 255 255  255 255 255  255 255 255  255 255 255  255 255 255  255 255 255  255 255 255  255 255 255  255 255 255  255 255 255  255 255 255  0 0 0  0 0 0  0 0 0  0 0 0  
255 255 255  255 255 255  255 255 255  255 255 255  255 255 255  255 255 255  255 255 255  255 255 255  255 255 255  255 255 255  255 255 255  255 255 255  255 255 255  255 255 255  255 255 255  255 255 255  255 255 255  255 255 255  255 255 255  255 255 255  255 255 255  255 255 255  255 255 255  255 255 255  255 255 255  255 255 255  255 255 255  255 255 255  255 255 255  255 255 255  255 255 255  0 0 0  0 0 0  0 0 0  0 0 0  0 0 0  0 0 0  
255 255 255  255 255 255  255 255 255  255 255 255  255 255 255  255 255 255  255 255 255  255 255 255  255 255 255  255 255 255  255 255 255  255 255 255  255 255 255  255 255 255  255 255 255  255 255 255  255 255 255  255 255 255  255 255 255  255 255 255  255 255 255  255 255 255  255 255 255  255 255 255  255 255 255  255 255 255  255 255 255  255 255 255  255 255 255  255 255 255  0 0 0  255 211 0  255 211 0  255 211 0  0 0 0  0 0 0  0 0 0  
255 255 255  255 255 255  255 255 255  0 0 0  0 0 0  0 0 0  0 0 0  0 0 0  0 0 0  255 255 255  255 255 255  255 255 255  255 255 255  255 255 255  255 255 255  255 255 255  255 255 255  255 255 255  255 255 255  255 255 255  255 255 255  255 255 255  255 255 255  255 255 255  255 255 255  255 255 255  255 255 255  255 255 255  255 255 255  0 0 0  255 211 0  255 211 0  255 211 0  255 211 0  0 0 0  0 0 0  255 255 255  
255 255 255  255 255 255  255 255 255  0 0 0  0 0 0  0 0 0  255 125 2  255 125 2  255 125 2  0 0 0  0 0 0  0 0 0  0 0 0  255 255 255  255 255 255  255 255 255  255 255 255  255 255 255  255 255 255  255 255 255  255 255 255  255 255 255  255 255 255  255 255 255  255 255 255  255 255 255  255 255 255  255 255 255  0 0 0  255 211 0  255 211 0  255 211 0  255 211 0  255 125 2  0 0 0  0 0 0  255 255 255  
255 255 255  255 255 255  255 255 255  255 255 255  255 255 255  0 0 0  0 0 0  120 52 10  255 211 0  255 211 0  255 211 0  255 211 0  255 125 2  0 0 0  0 0 0  0 0 0  0 0 0  255 255 255  0 0 0  0 0 0  0 0 0  0 0 0  0 0 0  0 0 0  0 0 0  255 255 255  0 0 0  0 0 0  255 211 0  255 211 0  255 211 0  255 211 0  255 125 2  255 125 2  0 0 0  255 255 255  255 255 255  
255 255 255  255 255 255  255 255 255  255 255 255  255 255 255  255 255 255  0 0 0  0 0 0  120 52 10  255 125 2  255 211 0  255 211 0  255 211 0  255 211 0  255 211 0  255 211 0  255 125 2  0 0 0  255 211 0  255 211 0  255 211 0  255 211 0  255 211 0  255 211 0  255 211 0  0 0 0  255 125 2  255 211 0  255 211 0  255 211 0  255 211 0  255 125 2  255 125 2  0 0 0  255 255 255  255 255 255  255 255 255  
255 255 255  255 255 255  255 255 255  255 255 255  255 255 255  255 255 255  255 255 255  0 0 0  0 0 0  255 125 2  255 125 2  255 125 2  255 211 0  255 211 0  255 211 0  255 211 0  255 211 0  255 211 0  255 211 0  255 211 0  255 211 0  255 211 0  255 211 0  255 211 0  255 211 0  255 211 0  255 211 0  255 211 0  255 211 0  255 125 2  255 125 2  255 125 2  0 0 0  255 255 255  255 255 255  255 255 255  255 255 255  
255 255 255  255 255 255  255 255 255  255 255 255  255 255 255  255 255 255  255 255 255  255 255 255  0 0 0  0 0 0  255 125 2  255 125 2  255 125 2  255 125 2  255 125 2  255 211 0  255 211 0  255 211 0  255 211 0  255 211 0  255 211 0  255 211 0  255 211 0  255 211 0  255 211 0  255 211 0  255 211 0  255 211 0  255 125 2  0 0 0  255 125 2  0 0 0  255 255 255  255 255 255  255 255 255  255 255 255  255 255 255  
255 255 255  255 255 255  255 255 255  255 255 255  255 255 255  255 255 255  255 255 255  255 255 255  255 255 255  255 255 255  0 0 0  0 0 0  255 125 2  0 0 0  255 211 0  255 211 0  255 211 0  255 211 0  255 211 0  255 211 0  255 211 0  255 211 0  255 211 0  255 211 0  255 211 0  255 211 0  255 211 0  255 211 0  255 211 0  255 125 2  0 0 0  255 255 255  255 255 255  255 255 255  255 255 255  255 255 255  255 255 255  
0 0 0  255 255 255  255 255 255  255 255 255  255 255 255  255 255 255  255 255 255  255 255 255  255 255 255  255 255 255  255 255 255  255 255 255  0 0 0  255 211 0  255 211 0  255 211 0  255 211 0  255 211 0  255 211 0  255 211 0  255 211 0  255 211 0  255 211 0  255 211 0  255 211 0  255 211 0  255 211 0  255 211 0  255 211 0  255 211 0  0 0 0  255 255 255  255 255 255  255 255 255  255 255 255  255 255 255  255 255 255  
0 0 0  0 0 0  255 255 255  255 255 255  255 255 255  255 255 255  255 255 255  255 255 255  255 255 255  255 255 255  255 255 255  255 255 255  0 0 0  255 211 0  255 211 0  255 211 0  0 0 0  0 0 0  255 211 0  255 211 0  255 211 0  255 211 0  255 211 0  255 211 0  255 211 0  255 211 0  0 0 0  0 0 0  255 211 0  255 211 0  0 0 0  255 255 255  255 255 255  255 255 255  255 255 255  255 255 255  255 255 255  
0 0 0  255 125 2  0 0 0  255 255 255  255 255 255  255 255 255  255 255 255  255 255 255  255 255 255  255 255 255  255 255 255  0 0 0  255 125 2  255 211 0  255 211 0  0 0 0  0 0 0  252 252 252  0 0 0  255 211 0  255 211 0  255 211 0  255 211 0  255 211 0  255 211 0  0 0 0  0 0 0  252 252 252  0 0 0  255 211 0  255 125 2  0 0 0  255 255 255  255 255 255  255 255 255  255 255 255  255 255 255  
0 0 0  255 211 0  255 125 2  0 0 0  255 255 255  255 255 255  255 255 255  255 255 255  255 255 255  255 255 255  255 255 255  0 0 0  255 211 0  255 211 0  255 211 0  0 0 0  0 0 0  0 0 0  0 0 0  255 211 0  255 211 0  255 211 0  255 211 0  255 211 0  255 211 0  0 0 0  0 0 0  0 0 0  0 0 0  255 211 0  255 211 0  0 0 0  255 255 255  255 255 255  255 255 255  255 255 255  255 255 255  
0 0 0  255 211 0  255 211 0  255 125 2  0 0 0  255 255 255  255 255 255  255 255 255  255 255 255  255 255 255  255 255 255  0 0 0  255 211 0  255 211 0  255 211 0  255 211 0  0 0 0  0 0 0  255 211 0  255 211 0  255 211 0  255 211 0  255 211 0  255 211 0  255 211 0  255 211 0  0 0 0  0 0 0  255 211 0  255 211 0  255 211 0  0 0 0  255 255 255  255 255 255  255 255 255  255 255 255  255 255 255  
0 0 0  255 211 0  255 211 0  255 211 0  255 125 2  0 0 0  255 255 255  255 255 255  255 255 255  255 255 255  0 0 0  255 211 0  255 211 0  255 0 0  255 0 0  255 211 0  255 211 0  255 211 0  255 211 0  255 211 0  255 211 0  0 0 0  0 0 0  255 211 0  255 211 0  255 211 0  255 211 0  255 211 0  255 211 0  255 0 0  255 0 0  255 211 0  0 0 0  255 255 255  255 255 255  255 255 255  255 255 255  
0 0 0  255 211 0  255 211 0  255 211 0  255 211 0  255 125 2  0 0 0  255 255 255  255 255 255  255 255 255  0 0 0  255 211 0  255 0 0  255 0 0  255 0 0  255 0 0  255 211 0  255 211 0  255 211 0  255 211 0  255 211 0  255 211 0  255 211 0  255 211 0  255 211 0  255 211 0  255 211 0  255 211 0  255 0 0  255 0 0  255 0 0  255 0 0  0 0 0  255 255 255  255 255 255  255 255 255  255 255 255  
0 0 0  255 211 0  255 211 0  255 211 0  255 211 0  255 211 0  255 125 2  0 0 0  255 255 255  255 255 255  0 0 0  255 211 0  255 0 0  255 0 0  255 0 0  255 0 0  255 211 0  255 211 0  0 0 0  255 211 0  255 211 0  0 0 0  0 0 0  255 211 0  255 211 0  0 0 0  255 211 0  255 211 0  255 0 0  255 0 0  255 0 0  255 0 0  0 0 0  255 255 255  255 255 255  255 255 255  255 255 255  
0 0 0  255 211 0  255 211 0  255 211 0  255 211 0  255 211 0  255 211 0  255 125 2  0 0 0  255 255 255  0 0 0  255 211 0  255 211 0  255 0 0  255 0 0  255 211 0  255 211 0  255 211 0  255 211 0  0 0 0  0 0 0  255 211 0  255 211 0  0 0 0  0 0 0  255 211 0  255 211 0  255 211 0  255 211 0  255 0 0  255 0 0  255 211 0  0 0 0  255 255 255  255 255 255  255 255 255  255 255 255  
0 0 0  255 211 0  255 211 0  255 211 0  255 211 0  255 211 0  255 211 0  255 211 0  255 125 2  0 0 0  0 0 0  0 0 0  255 211 0  255 211 0  255 211 0  255 211 0  255 211 0  255 211 0  255 211 0  255 211 0  255 211 0  255 211 0  255 211 0  255 211 0  255 211 0  255 211 0  255 211 0  255 211 0  255 211 0  255 211 0  255 211 0  0 0 0  255 255 255  255 255 255  255 255 255  255 255 255  255 255 255  
0 0 0  255 211 0  255 211 0  255 211 0  255 211 0  255 211 0  255 211 0  255 211 0  255 211 0  255 125 2  0 0 0  0 0 0  255 125 2  255 211 0  255 211 0  255 211 0  255 211 0  255 211 0  255 211 0  255 211 0  255 211 0  255 211 0  255 211 0  255 211 0  255 211 0  255 211 0  255 211 0  255 211 0  255 211 0  255 211 0  255 125 2  0 0 0  255 255 255  255 255 255  255 255 255  255 255 255  255 255 255  
255 255 255  0 0 0  255 211 0  255 211 0  255 211 0  255 211 0  255 211 0  255 211 0  255 211 0  255 211 0  0 0 0  255 255 255  0 0 0  255 211 0  255 211 0  255 211 0  255 211 0  255 211 0  255 211 0  255 211 0  255 211 0  255 211 0  255 211 0  255 211 0  255 211 0  255 211 0  255 211 0  255 211 0  255 211 0  255 211 0  0 0 0  255 255 255  255 255 255  255 255 255  255 255 255  255 255 255  255 255 255  
255 255 255  255 255 255  0 0 0  255 211 0  255 211 0  255 211 0  255 211 0  255 211 0  255 211 0  0 0 0  255 255 255  0 0 0  255 125 2  255 211 0  255 211 0  255 211 0  255 211 0  255 211 0  255 211 0  255 211 0  255 125 2  255 125 2  255 125 2  255 125 2  255 211 0  255 211 0  255 211 0  255 211 0  255 211 0  255 211 0  255 125 2  0 0 0  255 255 255  255 255 255  255 255 255  255 255 255  255 255 255  
255 255 255  255 255 255  255 255 255  0 0 0  255 211 0  255 211 0  255 211 0  255 211 0  0 0 0  255 255 255  255 255 255  0 0 0  0 0 0  255 211 0  255 211 0  255 211 0  255 211 0  255 211 0  255 211 0  255 211 0  255 211 0  255 125 2  255 125 2  255 211 0  255 211 0  255 211 0  255 211 0  255 211 0  255 211 0  255 211 0  255 211 0  0 0 0  255 255 255  255 255 255  255 255 255  255 255 255  255 255 255  
255 255 255  255 255 255  0 0 0  255 211 0  255 211 0  255 211 0  255 211 0  0 0 0  255 255 255  255 255 255  255 255 255  0 0 0  255 211 0  255 211 0  255 211 0  255 211 0  255 211 0  255 211 0  0 0 0  255 211 0  255 211 0  255 211 0  255 211 0  255 211 0  255 211 0  0 0 0  255 211 0  255 211 0  255 211 0  255 211 0  255 211 0  0 0 0  255 255 255  255 255 255  255 255 255  255 255 255  255 255 255  
255 255 255  255 255 255  0 0 0  255 211 0  255 211 0  255 211 0  255 211 0  255 211 0  0 0 0  255 255 255  0 0 0  255 211 0  255 211 0  255 211 0  0 0 0  255 211 0  255 211 0  255 211 0  0 0 0  255 211 0  255 211 0  255 211 0  255 211 0  255 211 0  255 211 0  0 0 0  255 211 0  255 211 0  255 211 0  0 0 0  255 211 0  0 0 0  255 255 255  255 255 255  255 255 255  255 255 255  255 255 255  
255 255 255  255 255 255  255 255 255  0 0 0  255 211 0  255 211 0  255 211 0  255 211 0  255 211 0  0 0 0  0 0 0  255 211 0  255 211 0  255 211 0  0 0 0  255 211 0  255 211 0  255 211 0  255 211 0  0 0 0  255 211 0  255 211 0  255 211 0  255 211 0  0 0 0  255 211 0  255 211 0  255 211 0  255 211 0  0 0 0  255 211 0  255 211 0  0 0 0  255 255 255  255 255 255  255 255 255  255 255 255  
255 255 255  255 255 255  255 255 255  255 255 255  0 0 0  255 211 0  255 211 0  255 125 2  255 125 2  120 52 10  0 0 0  255 211 0  255 211 0  255 211 0  255 125 2  0 0 0  255 211 0  255 211 0  255 211 0  0 0 0  255 211 0  255 211 0  255 211 0  255 211 0  0 0 0  255 211 0  255 211 0  255 211 0  0 0 0  255 125 2  255 211 0  255 211 0  0 0 0  255 255 255  255 255 255  255 255 255  255 255 255  
255 255 255  255 255 255  255 255 255  255 255 255  255 255 255  0 0 0  255 125 2  255 125 2  255 125 2  0 0 0  0 0 0  255 211 0  255 211 0  255 211 0  255 125 2  0 0 0  255 211 0  255 211 0  255 211 0  0 0 0  255 211 0  255 211 0  255 211 0  255 211 0  0 0 0  255 211 0  255 211 0  255 211 0  0 0 0  255 125 2  255 211 0  255 211 0  0 0 0  255 255 255  255 255 255  255 255 255  255 255 255  
255 255 255  255 255 255  255 255 255  255 255 255  255 255 255  255 255 255  0 0 0  255 125 2  120 52 10  120 52 10  0 0 0  255 211 0  255 211 0  255 211 0  255 211 0  255 125 2  0 0 0  255 211 0  255 211 0  0 0 0  255 211 0  255 211 0  255 211 0  255 211 0  0 0 0  255 211 0  255 211 0  0 0 0  255 125 2  255 211 0  255 211 0  255 211 0  0 0 0  255 255 255  255 255 255  255 255 255  255 255 255  
255 255 255  255 255 255  255 255 255  255 255 255  255 255 255  0 0 0  120 52 10  120 52 10  120 52 10  120 52 10  0 0 0  255 211 0  255 211 0  255 211 0  255 211 0  255 211 0  255 125 2  0 0 0  0 0 0  255 211 0  255 211 0  255 211 0  255 211 0  255 211 0  255 211 0  0 0 0  0 0 0  255 125 2  255 211 0  255 211 0  255 211 0  255 211 0  0 0 0  255 255 255  255 255 255  255 255 255  255 255 255  
255 255 255  255 255 255  255 255 255  255 255 255  255 255 255  255 255 255  0 0 0  120 52 10  120 52 10  120 52 10  0 0 0  255 211 0  255 211 0  255 211 0  255 211 0  255 211 0  255 211 0  255 211 0  255 211 0  255 211 0  255 211 0  255 211 0  255 211 0  255 211 0  255 211 0  255 211 0  255 211 0  255 211 0  255 211 0  255 211 0  255 211 0  255 211 0  0 0 0  255 255 255  255 255 255  255 255 255  255 255 255  
255 255 255  255 255 255  255 255 255  255 255 255  255 255 255  255 255 255  255 255 255  0 0 0  0 0 0  120 52 10  0 0 0  255 125 2  255 211 0  255 211 0  255 211 0  255 211 0  255 211 0  255 211 0  255 211 0  255 211 0  255 211 0  255 211 0  255 211 0  255 211 0  255 211 0  255 211 0  255 211 0  255 211 0  255 211 0  255 211 0  255 211 0  255 211 0  0 0 0  255 255 255  255 255 255  255 255 255  255 255 255  
255 255 255  255 255 255  255 255 255  255 255 255  255 255 255  255 255 255  255 255 255  255 255 255  255 255 255  0 0 0  0 0 0  0 0 0  255 211 0  255 211 0  255 211 0  255 211 0  255 211 0  255 211 0  255 211 0  255 211 0  255 211 0  255 211 0  255 211 0  255 211 0  255 211 0  255 211 0  255 211 0  255 211 0  255 211 0  255 211 0  255 211 0  0 0 0  255 255 255  255 255 255  255 255 255  255 255 255  255 255 255  
255 255 255  255 255 255  255 255 255  255 255 255  255 255 255  255 255 255  255 255 255  255 255 255  255 255 255  255 255 255  255 255 255  0 0 0  255 125 2  255 211 0  255 211 0  255 211 0  255 211 0  255 211 0  255 211 0  255 211 0  255 211 0  255 211 0  255 211 0  255 211 0  255 211 0  255 211 0  255 211 0  255 211 0  255 211 0  255 211 0  255 211 0  0 0 0  255 255 255  255 255 255  255 255 255  255 255 255  255 255 255  
255 255 255  255 255 255  255 255 255  255 255 255  255 255 255  255 255 255  255 255 255  255 255 255  255 255 255  255 255 255  255 255 255  255 255 255  0 0 0  255 211 0  255 211 0  255 211 0  255 211 0  255 211 0  255 211 0  255 125 2  255 125 2  255 125 2  255 125 2  255 125 2  255 211 0  255 211 0  255 211 0  255 211 0  255 211 0  255 211 0  0 0 0  255 255 255  255 255 255  255 255 255  255 255 255  255 255 255  255 255 255  
255 255 255  255 255 255  255 255 255  255 255 255  255 255 255  255 255 255  255 255 255  255 255 255  255 255 255  255 255 255  255 255 255  255 255 255  255 255 255  0 0 0  255 125 2  255 211 0  255 125 2  255 125 2  0 0 0  0 0 0  0 0 0  0 0 0  0 0 0  0 0 0  0 0 0  255 125 2  255 125 2  255 211 0  255 125 2  0 0 0  255 255 255  255 255 255  255 255 255  255 255 255  255 255 255  255 255 255  255 255 255  
255 255 255  255 255 255  255 255 255  255 255 255  255 255 255  255 255 255  255 255 255  255 255 255  255 255 255  255 255 255  255 255 255  255 255 255  0 0 0  255 211 0  255 211 0  255 211 0  0 0 0  0 0 0  0 0 0  255 255 255  255 255 255  255 255 255  255 255 255  255 255 255  255 255 255  0 0 0  0 0 0  255 211 0  255 211 0  255 211 0  0 0 0  255 255 255  255 255 255  255 255 255  255 255 255  255 255 255  255 255 255  
255 255 255  255 255 255  255 255 255  255 255 255  255 255 255  255 255 255  255 255 255  255 255 255  255 255 255  255 255 255  255 255 255  255 255 255  0 0 0  0 0 0  0 0 0  0 0 0  0 0 0  255 255 255  255 255 255  255 255 255  255 255 255  255 255 255  255 255 255  255 255 255  255 255 255  255 255 255  0 0 0  0 0 0  0 0 0  0 0 0  0 0 0  255 255 255  255 255 255  255 255 255  255 255 255  255 255 255  255 255 255  
255 255 255  255 255 255  255 255 255  255 255 255  255 255 255  255 255 255  255 255 255  255 255 255  255 255 255  255 255 255  255 255 255  255 255 255  255 255 255  255 255 255  255 255 255  255 255 255  255 255 255  255 255 255  255 255 255  255 255 255  255 255 255  255 255 255  255 255 255  255 255 255  255 255 255  255 255 255  255 255 255  255 255 255  255 255 255  255 255 255  255 255 255  255 255 255  255 255 255  255 255 255  255 255 255  255 255 255  255 255 255  
255 255 255  255 255 255  255 255 255  255 255 255  255 255 255  255 255 255  255 255 255  255 255 255  255 255 255  255 255 255  255 255 255  255 255 255  255 255 255  255 255 255  255 255 255  255 255 255  255 255 255  255 255 255  255 255 255  255 255 255  255 255 255  255 255 255  255 255 255  255 255 255  255 255 255  255 255 255  255 255 255  255 255 255  255 255 255  255 255 255  255 255 255  255 255 255  255 255 255  255 255 255  255 255 255  255 255 255  255 255 255
