14
14
255 255 255  255 255 255  255 255 255  255 255 255  255 255 255  0 0 0  0 0 0  0 0 0  0 0 0  255 255 255  255 255 255  255 255 255  255 255 255  255 255 255  
255 255 255  255 255 255  255 255 255  0 0 0  0 0 0  249 0 0  249 0 0  249 0 0  249 0 0  0 0 0  0 0 0  255 255 255  255 255 255  255 255 255  
255 255 255  255 255 255  0 0 0  249 0 0  249 0 0  249 0 0  249 0 0  249 0 0  249 0 0  249 0 0  249 0 0  0 0 0  255 255 255  255 255 255  
255 255 255  0 0 0  249 0 0  249 0 0  249 0 0  249 0 0  249 0 0  249 0 0  249 0 0  249 0 0  249 0 0  249 0 0  0 0 0  255 255 255  
255 255 255  0 0 0  249 0 0  249 0 0  249 0 0  249 0 0  249 0 0  249 0 0  249 0 0  249 0 0  249 0 0  249 0 0  0 0 0  255 255 255  
0 0 0  249 0 0  249 0 0  249 0 0  249 0 0  249 0 0  0 0 0  0 0 0  249 0 0  249 0 0  249 0 0  249 0 0  249 0 0  0 0 0  
0 0 0  249 0 0  249 0 0  249 0 0  249 0 0  0 0 0  255 255 255  255 255 255  0 0 0  249 0 0  249 0 0  249 0 0  249 0 0  0 0 0  
0 0 0  0 0 0  0 0 0  0 0 0  0 0 0  0 0 0  243 243 243  243 243 243  0 0 0  0 0 0  0 0 0  0 0 0  0 0 0  0 0 0  
0 0 0  243 243 243  243 243 243  243 243 243  243 243 243  255 255 255  0 0 0  0 0 0  243 243 243  243 243 243  243 243 243  243 243 243  243 243 243  0 0 0  
255 255 255  0 0 0  243 243 243  243 243 243  243 243 243  243 243 243  243 243 243  243 243 243  243 243 243  243 243 243  243 243 243  243 243 243  0 0 0  255 255 255  
255 255 255  0 0 0  243 243 243  243 243 243  243 243 243  243 243 243  243 243 243  243 243 243  243 243 243  243 243 243  243 243 243  243 243 243  0 0 0  255 255 255  
255 255 255  255 255 255  0 0 0  243 243 243  243 243 243  243 243 243  243 243 243  243 243 243  243 243 243  243 243 243  243 243 243  0 0 0  255 255 255  255 255 255  
255 255 255  255 255 255  255 255 255  0 0 0  0 0 0  243 243 243  243 243 243  243 243 243  243 243 243  0 0 0  0 0 0  255 255 255  255 255 255  255 255 255  
255 255 255  255 255 255  255 255 255  255 255 255  255 255 255  0 0 0  0 0 0  0 0 0  0 0 0  255 255 255  255 255 255  255 255 255  255 255 255  255 255 255  
