27
27
255 255 255  255 255 255  255 255 255  255 255 255  255 255 255  255 255 255  255 255 255  255 255 255  0 0 0  0 0 0  255 255 255  255 255 255  255 255 255  255 255 255  255 255 255  255 255 255  255 255 255  0 0 0  0 0 0  255 255 255  255 255 255  255 255 255  255 255 255  255 255 255  255 255 255  255 255 255  255 255 255  
255 255 255  255 255 255  255 255 255  255 255 255  255 255 255  255 255 255  255 255 255  0 0 0  3 122 122  3 122 122  0 0 0  0 0 0  0 0 0  0 0 0  0 0 0  0 0 0  0 0 0  3 122 122  3 122 122  0 0 0  255 255 255  255 255 255  255 255 255  255 255 255  255 255 255  255 255 255  255 255 255  
255 255 255  255 255 255  255 255 255  255 255 255  255 255 255  255 255 255  255 255 255  0 0 0  3 122 122  3 122 122  3 122 122  0 0 0  3 122 122  3 122 122  3 122 122  0 0 0  3 122 122  3 122 122  3 122 122  0 0 0  255 255 255  255 255 255  255 255 255  255 255 255  255 255 255  255 255 255  255 255 255  
255 255 255  255 255 255  255 255 255  255 255 255  255 255 255  255 255 255  255 255 255  0 0 0  3 122 122  3 122 122  3 122 122  3 122 122  3 122 122  3 122 122  3 122 122  3 122 122  3 122 122  3 122 122  3 122 122  0 0 0  255 255 255  255 255 255  255 255 255  255 255 255  255 255 255  255 255 255  255 255 255  
255 255 255  255 255 255  255 255 255  255 255 255  255 255 255  255 255 255  255 255 255  0 0 0  3 122 122  3 122 122  3 122 122  3 122 122  3 122 122  3 122 122  3 122 122  3 122 122  3 122 122  3 122 122  3 122 122  0 0 0  255 255 255  255 255 255  255 255 255  255 255 255  255 255 255  255 255 255  255 255 255  
255 255 255  255 255 255  255 255 255  255 255 255  255 255 255  255 255 255  0 0 0  3 122 122  3 122 122  3 122 122  255 255 143  3 122 122  3 122 122  3 122 122  3 122 122  3 122 122  255 255 143  3 122 122  3 122 122  3 122 122  0 0 0  255 255 255  255 255 255  255 255 255  255 255 255  255 255 255  255 255 255  
255 255 255  255 255 255  255 255 255  255 255 255  255 255 255  255 255 255  0 0 0  3 122 122  3 122 122  255 255 143  255 255 143  255 255 143  3 122 122  3 122 122  3 122 122  255 255 143  255 255 143  255 255 143  3 122 122  3 122 122  0 0 0  255 255 255  255 255 255  255 255 255  255 255 255  255 255 255  255 255 255  
255 255 255  255 255 255  255 255 255  255 255 255  255 255 255  255 255 255  0 0 0  3 122 122  255 255 143  255 255 143  255 255 143  255 255 143  255 255 143  3 122 122  255 255 143  255 255 143  255 255 143  255 255 143  255 255 143  3 122 122  0 0 0  255 255 255  255 255 255  255 255 255  255 255 255  255 255 255  255 255 255  
255 255 255  255 255 255  255 255 255  255 255 255  255 255 255  0 0 0  0 0 0  3 122 122  255 255 143  255 255 143  255 255 143  255 255 143  255 255 143  255 255 143  255 255 143  255 255 143  255 255 143  255 255 143  255 255 143  3 122 122  0 0 0  0 0 0  255 255 255  255 255 255  255 255 255  255 255 255  255 255 255  
255 255 255  255 255 255  255 255 255  0 0 0  0 0 0  3 122 122  3 122 122  0 0 0  255 255 143  0 0 0  0 0 0  0 0 0  255 255 143  255 255 143  255 255 143  0 0 0  0 0 0  0 0 0  255 255 143  0 0 0  3 122 122  3 122 122  0 0 0  0 0 0  255 255 255  255 255 255  255 255 255  
255 255 255  255 255 255  0 0 0  3 122 122  3 122 122  3 122 122  3 122 122  0 0 0  255 255 143  255 255 143  255 255 143  255 255 143  255 255 143  255 255 143  255 255 143  255 255 143  255 255 143  255 255 143  255 255 143  0 0 0  3 122 122  3 122 122  3 122 122  3 122 122  0 0 0  255 255 255  255 255 255  
255 255 255  0 0 0  3 122 122  3 122 122  3 122 122  3 122 122  3 122 122  3 122 122  0 0 0  0 0 0  255 255 143  255 255 143  255 255 143  255 255 143  255 255 143  255 255 143  255 255 143  0 0 0  0 0 0  3 122 122  3 122 122  3 122 122  3 122 122  3 122 122  3 122 122  0 0 0  255 255 255  
0 0 0  3 122 122  3 122 122  3 122 122  3 122 122  3 122 122  3 122 122  3 122 122  3 122 122  3 122 122  0 0 0  0 0 0  0 0 0  0 0 0  0 0 0  0 0 0  0 0 0  3 122 122  3 122 122  3 122 122  3 122 122  3 122 122  3 122 122  3 122 122  3 122 122  3 122 122  0 0 0  
0 0 0  3 122 122  3 122 122  3 122 122  3 122 122  3 122 122  0 0 0  3 122 122  3 122 122  255 255 143  255 255 143  255 255 143  255 255 143  255 255 143  255 255 143  255 255 143  255 255 143  255 255 143  3 122 122  3 122 122  0 0 0  3 122 122  3 122 122  3 122 122  3 122 122  3 122 122  0 0 0  
0 0 0  3 122 122  3 122 122  3 122 122  0 0 0  0 0 0  3 122 122  3 122 122  255 255 143  255 255 143  255 255 143  255 255 143  255 255 143  255 255 143  255 255 143  255 255 143  255 255 143  255 255 143  255 255 143  3 122 122  3 122 122  0 0 0  0 0 0  3 122 122  3 122 122  3 122 122  0 0 0  
255 255 255  0 0 0  0 0 0  0 0 0  3 122 122  3 122 122  3 122 122  255 255 143  255 255 143  255 255 143  255 255 143  255 255 143  255 255 143  255 255 143  255 255 143  255 255 143  255 255 143  255 255 143  255 255 143  255 255 143  3 122 122  3 122 122  3 122 122  0 0 0  0 0 0  0 0 0  255 255 255  
255 255 255  255 255 255  0 0 0  3 122 122  3 122 122  3 122 122  3 122 122  255 255 143  255 255 143  255 255 143  255 255 143  255 255 143  255 255 143  255 255 143  255 255 143  255 255 143  255 255 143  255 255 143  255 255 143  255 255 143  3 122 122  3 122 122  3 122 122  3 122 122  0 0 0  255 255 255  255 255 255  
255 255 255  255 255 255  0 0 0  3 122 122  3 122 122  3 122 122  255 255 143  255 255 143  255 255 143  255 255 143  255 255 143  255 255 143  255 255 143  255 255 143  255 255 143  255 255 143  255 255 143  255 255 143  255 255 143  255 255 143  255 255 143  3 122 122  3 122 122  3 122 122  0 0 0  255 255 255  255 255 255  
255 255 255  255 255 255  255 255 255  0 0 0  3 122 122  3 122 122  255 255 143  255 255 143  255 255 143  255 255 143  255 255 143  255 255 143  255 255 143  255 255 143  255 255 143  255 255 143  255 255 143  255 255 143  255 255 143  255 255 143  255 255 143  3 122 122  3 122 122  0 0 0  255 255 255  255 255 255  255 255 255  
255 255 255  255 255 255  255 255 255  0 0 0  3 122 122  3 122 122  255 255 143  255 255 143  255 255 143  255 255 143  255 255 143  255 255 143  255 255 143  255 255 143  255 255 143  255 255 143  255 255 143  255 255 143  255 255 143  255 255 143  255 255 143  3 122 122  3 122 122  0 0 0  255 255 255  255 255 255  255 255 255  
255 255 255  255 255 255  255 255 255  0 0 0  3 122 122  3 122 122  255 255 143  255 255 143  255 255 143  255 255 143  255 255 143  255 255 143  255 255 143  255 255 143  255 255 143  255 255 143  255 255 143  255 255 143  255 255 143  255 255 143  255 255 143  3 122 122  3 122 122  0 0 0  255 255 255  255 255 255  255 255 255  
255 255 255  255 255 255  255 255 255  255 255 255  0 0 0  3 122 122  255 255 143  255 255 143  255 255 143  255 255 143  255 255 143  255 255 143  255 255 143  255 255 143  255 255 143  255 255 143  255 255 143  255 255 143  255 255 143  255 255 143  255 255 143  3 122 122  0 0 0  255 255 255  255 255 255  255 255 255  255 255 255  
255 255 255  255 255 255  255 255 255  255 255 255  0 0 0  3 122 122  255 255 143  255 255 143  255 255 143  255 255 143  255 255 143  255 255 143  255 255 143  255 255 143  255 255 143  255 255 143  255 255 143  255 255 143  255 255 143  255 255 143  255 255 143  3 122 122  0 0 0  255 255 255  255 255 255  255 255 255  255 255 255  
255 255 255  255 255 255  255 255 255  255 255 255  255 255 255  0 0 0  0 0 0  0 0 0  255 255 143  255 255 143  255 255 143  255 255 143  255 255 143  255 255 143  255 255 143  255 255 143  255 255 143  255 255 143  255 255 143  0 0 0  0 0 0  0 0 0  255 255 255  255 255 255  255 255 255  255 255 255  255 255 255  
255 255 255  255 255 255  255 255 255  255 255 255  255 255 255  0 0 0  255 255 143  255 255 143  0 0 0  0 0 0  0 0 0  0 0 0  0 0 0  0 0 0  0 0 0  0 0 0  0 0 0  0 0 0  0 0 0  255 255 143  255 255 143  0 0 0  255 255 255  255 255 255  255 255 255  255 255 255  255 255 255  
255 255 255  255 255 255  255 255 255  255 255 255  255 255 255  0 0 0  255 255 143  255 255 143  255 255 143  255 255 143  0 0 0  255 255 255  255 255 255  255 255 255  255 255 255  255 255 255  0 0 0  255 255 143  255 255 143  255 255 143  255 255 143  0 0 0  255 255 255  255 255 255  255 255 255  255 255 255  255 255 255  
255 255 255  255 255 255  255 255 255  255 255 255  255 255 255  255 255 255  0 0 0  0 0 0  0 0 0  0 0 0  255 255 255  255 255 255  255 255 255  255 255 255  255 255 255  255 255 255  255 255 255  0 0 0  0 0 0  0 0 0  0 0 0  255 255 255  255 255 255  255 255 255  255 255 255  255 255 255  255 255 255  
