39
38
255 255 255  255 255 255  255 255 255  255 255 255  255 255 255  255 255 255  255 255 255  255 255 255  255 255 255  255 255 255  255 255 255  24 165 154  24 165 154  24 165 154  24 165 154  255 255 255  255 255 255  255 255 255  255 255 255  255 255 255  255 255 255  255 255 255  255 255 255  255 255 255  255 255 255  255 255 255  255 255 255  255 255 255  255 255 255  255 255 255  255 255 255  255 255 255  255 255 255  255 255 255  255 255 255  255 255 255  255 255 255  255 255 255  
255 255 255  255 255 255  255 255 255  255 255 255  255 255 255  255 255 255  255 255 255  255 255 255  255 255 255  24 165 154  24 165 154  24 165 154  24 165 154  24 165 154  24 165 154  80 124 236  80 124 236  255 255 255  255 255 255  255 255 255  255 255 255  255 255 255  255 255 255  255 255 255  255 255 255  255 255 255  255 255 255  255 255 255  255 255 255  255 255 255  255 255 255  255 255 255  255 255 255  255 255 255  255 255 255  255 255 255  255 255 255  255 255 255  
255 255 255  255 255 255  255 255 255  255 255 255  255 255 255  255 255 255  255 255 255  255 255 255  24 165 154  24 165 154  24 165 154  24 165 154  24 165 154  24 165 154  24 165 154  24 165 154  24 165 154  80 124 236  80 124 236  255 255 255  255 255 255  255 255 255  255 255 255  255 255 255  255 255 255  255 255 255  255 255 255  255 255 255  255 255 255  255 255 255  255 255 255  255 255 255  255 255 255  255 255 255  255 255 255  255 255 255  255 255 255  255 255 255  
255 255 255  255 255 255  255 255 255  255 255 255  255 255 255  255 255 255  255 255 255  80 124 236  24 165 154  24 165 154  24 165 154  24 165 154  24 165 154  24 165 154  24 165 154  24 165 154  24 165 154  24 165 154  24 165 154  80 124 236  255 255 255  255 255 255  255 255 255  255 255 255  255 255 255  255 255 255  255 255 255  255 255 255  255 255 255  255 255 255  255 255 255  255 255 255  255 255 255  255 255 255  255 255 255  255 255 255  255 255 255  255 255 255  
255 255 255  255 255 255  255 255 255  255 255 255  255 255 255  255 255 255  80 124 236  24 165 154  24 165 154  24 165 154  24 165 154  24 165 154  24 165 154  24 165 154  24 165 154  24 165 154  24 165 154  24 165 154  24 165 154  24 165 154  80 124 236  255 255 255  255 255 255  255 255 255  255 255 255  255 255 255  255 255 255  255 255 255  255 255 255  255 255 255  255 255 255  255 255 255  255 255 255  255 255 255  255 255 255  255 255 255  255 255 255  255 255 255  
255 255 255  255 255 255  255 255 255  255 255 255  255 255 255  255 255 255  80 124 236  24 165 154  24 165 154  24 165 154  24 165 154  24 165 154  24 165 154  24 165 154  24 165 154  24 165 154  24 165 154  24 165 154  24 165 154  24 165 154  24 165 154  80 124 236  255 255 255  255 255 255  255 255 255  255 255 255  255 255 255  255 255 255  255 255 255  255 255 255  255 255 255  255 255 255  255 255 255  255 255 255  255 255 255  255 255 255  255 255 255  255 255 255  
255 255 255  255 255 255  255 255 255  255 255 255  255 255 255  80 124 236  24 165 154  24 165 154  24 165 154  24 165 154  24 165 154  24 165 154  24 165 154  24 165 154  24 165 154  24 165 154  24 165 154  24 165 154  24 165 154  24 165 154  24 165 154  80 124 236  255 255 255  255 255 255  255 255 255  255 255 255  255 255 255  255 255 255  255 255 255  255 255 255  255 255 255  255 255 255  255 255 255  255 255 255  255 255 255  255 255 255  255 255 255  255 255 255  
255 255 255  255 255 255  255 255 255  255 255 255  255 255 255  80 124 236  120 52 10  24 165 154  24 165 154  24 165 154  24 165 154  24 165 154  24 165 154  24 165 154  24 165 154  0 0 0  212 212 212  212 212 212  24 165 154  24 165 154  24 165 154  24 165 154  80 124 236  255 255 255  255 255 255  255 255 255  255 255 255  255 255 255  255 255 255  255 255 255  255 255 255  255 255 255  255 255 255  255 255 255  255 255 255  255 255 255  255 255 255  255 255 255  
255 255 255  255 255 255  255 255 255  255 255 255  255 255 255  80 124 236  255 255 255  24 165 154  24 165 154  24 165 154  24 165 154  24 165 154  24 165 154  24 165 154  0 0 0  0 0 0  0 0 0  212 212 212  80 124 236  24 165 154  24 165 154  24 165 154  0 0 0  255 255 255  255 255 255  255 255 255  255 255 255  255 255 255  255 255 255  255 255 255  255 255 255  255 255 255  255 255 255  255 255 255  255 255 255  255 255 255  255 255 255  255 255 255  
255 255 255  255 255 255  255 255 255  255 255 255  255 255 255  80 124 236  120 52 10  24 165 154  24 165 154  24 165 154  24 165 154  24 165 154  24 165 154  24 165 154  0 0 0  0 0 0  120 52 10  24 165 154  80 124 236  24 165 154  24 165 154  24 165 154  0 0 0  255 255 255  255 255 255  255 255 255  255 255 255  255 255 255  255 255 255  255 255 255  255 255 255  255 255 255  255 255 255  255 255 255  255 255 255  255 255 255  255 255 255  255 255 255  
255 255 255  255 255 255  255 255 255  255 255 255  255 255 255  80 124 236  0 0 0  24 165 154  24 165 154  24 165 154  24 165 154  24 165 154  24 165 154  24 165 154  255 255 255  0 0 0  120 52 10  24 165 154  80 124 236  24 165 154  24 165 154  24 165 154  0 0 0  255 255 255  255 255 255  255 255 255  255 255 255  255 255 255  255 255 255  255 255 255  255 255 255  255 255 255  255 255 255  255 255 255  255 255 255  255 255 255  255 255 255  255 255 255  
255 255 255  255 255 255  255 255 255  255 255 255  80 124 236  24 165 154  24 165 154  24 165 154  24 165 154  24 165 154  24 165 154  24 165 154  24 165 154  24 165 154  120 52 10  0 0 0  120 52 10  24 165 154  24 165 154  24 165 154  24 165 154  24 165 154  0 0 0  255 255 255  255 255 255  255 255 255  255 255 255  255 255 255  255 255 255  255 255 255  255 255 255  255 255 255  255 255 255  255 255 255  255 255 255  255 255 255  255 255 255  255 255 255  
255 255 255  255 255 255  255 255 255  255 255 255  0 0 0  24 165 154  24 165 154  24 165 154  24 165 154  24 165 154  24 165 154  24 165 154  24 165 154  24 165 154  24 165 154  24 165 154  24 165 154  24 165 154  24 165 154  24 165 154  24 165 154  24 165 154  0 0 0  255 255 255  255 255 255  255 255 255  255 255 255  255 255 255  255 255 255  255 255 255  255 255 255  255 255 255  255 255 255  255 255 255  255 255 255  255 255 255  255 255 255  255 255 255  
255 255 255  255 255 255  255 255 255  255 255 255  255 255 255  0 0 0  80 124 236  24 165 154  24 165 154  24 165 154  24 165 154  24 165 154  24 165 154  24 165 154  24 165 154  24 165 154  24 165 154  80 124 236  24 165 154  24 165 154  24 165 154  0 0 0  255 255 255  255 255 255  24 165 154  80 124 236  80 124 236  80 124 236  255 255 255  255 255 255  255 255 255  255 255 255  255 255 255  255 255 255  255 255 255  255 255 255  255 255 255  255 255 255  
255 255 255  24 165 154  255 255 255  24 165 154  255 255 255  255 255 255  0 0 0  0 0 0  24 165 154  24 165 154  24 165 154  80 124 236  80 124 236  80 124 236  80 124 236  80 124 236  120 52 10  120 52 10  24 165 154  24 165 154  24 165 154  80 124 236  255 255 255  24 165 154  24 165 154  24 165 154  24 165 154  24 165 154  0 0 0  255 255 255  255 255 255  255 255 255  255 255 255  255 255 255  255 255 255  255 255 255  255 255 255  255 255 255  
255 255 255  80 124 236  24 165 154  24 165 154  80 124 236  0 0 0  0 0 0  24 165 154  0 0 0  0 0 0  120 52 10  200 84 10  200 84 10  200 84 10  200 84 10  120 52 10  120 52 10  24 165 154  24 165 154  24 165 154  0 0 0  24 165 154  24 165 154  24 165 154  24 165 154  80 124 236  24 165 154  0 0 0  255 255 255  255 255 255  255 255 255  255 255 255  255 255 255  255 255 255  255 255 255  255 255 255  255 255 255  255 255 255  
24 165 154  24 165 154  24 165 154  24 165 154  24 165 154  24 165 154  24 165 154  0 0 0  24 165 154  24 165 154  120 52 10  120 52 10  120 52 10  120 52 10  120 52 10  24 165 154  24 165 154  24 165 154  80 124 236  0 0 0  80 124 236  24 165 154  24 165 154  24 165 154  80 124 236  80 124 236  24 165 154  0 0 0  255 255 255  255 255 255  255 255 255  255 255 255  255 255 255  255 255 255  255 255 255  255 255 255  255 255 255  255 255 255  
80 124 236  24 165 154  24 165 154  24 165 154  24 165 154  24 165 154  24 165 154  24 165 154  0 0 0  80 124 236  24 165 154  24 165 154  24 165 154  24 165 154  24 165 154  24 165 154  0 0 0  0 0 0  200 84 10  255 255 255  24 165 154  24 165 154  24 165 154  24 165 154  24 165 154  24 165 154  0 0 0  255 255 255  255 255 255  255 255 255  255 255 255  255 255 255  255 255 255  255 255 255  255 255 255  255 255 255  255 255 255  255 255 255  
255 255 255  80 124 236  24 165 154  24 165 154  24 165 154  24 165 154  24 165 154  24 165 154  24 165 154  24 165 154  80 124 236  0 0 0  0 0 0  0 0 0  0 0 0  0 0 0  194 114 42  194 114 42  194 114 42  80 124 236  24 165 154  24 165 154  24 165 154  24 165 154  24 165 154  24 165 154  0 0 0  255 255 255  255 255 255  255 255 255  255 255 255  255 255 255  255 255 255  255 255 255  255 255 255  255 255 255  255 255 255  255 255 255  
255 255 255  255 255 255  80 124 236  24 165 154  24 165 154  24 165 154  24 165 154  24 165 154  24 165 154  200 84 10  194 114 42  237 228 116  237 228 116  237 228 116  237 228 116  194 114 42  194 114 42  194 114 42  80 124 236  24 165 154  24 165 154  24 165 154  24 165 154  24 165 154  24 165 154  0 0 0  255 255 255  255 255 255  255 255 255  255 255 255  255 255 255  80 124 236  80 124 236  80 124 236  80 124 236  255 255 255  255 255 255  255 255 255  
255 255 255  255 255 255  255 255 255  80 124 236  80 124 236  24 165 154  24 165 154  24 165 154  200 84 10  200 84 10  237 228 116  237 228 116  237 228 116  237 228 116  200 84 10  200 84 10  200 84 10  200 84 10  80 124 236  24 165 154  24 165 154  24 165 154  24 165 154  24 165 154  0 0 0  120 52 10  255 255 255  255 255 255  255 255 255  80 124 236  80 124 236  24 165 154  24 165 154  24 165 154  24 165 154  80 124 236  255 255 255  255 255 255  
255 255 255  255 255 255  255 255 255  255 255 255  255 255 255  0 0 0  0 0 0  24 165 154  200 84 10  237 228 116  200 84 10  200 84 10  200 84 10  200 84 10  237 228 116  237 228 116  237 228 116  237 228 116  200 84 10  80 124 236  24 165 154  24 165 154  24 165 154  0 0 0  200 84 10  200 84 10  120 52 10  255 255 255  80 124 236  24 165 154  24 165 154  24 165 154  24 165 154  24 165 154  24 165 154  24 165 154  80 124 236  255 255 255  
255 255 255  255 255 255  255 255 255  255 255 255  255 255 255  255 255 255  255 255 255  200 84 10  237 228 116  237 228 116  237 228 116  200 84 10  237 228 116  237 228 116  237 228 116  237 228 116  237 228 116  237 228 116  200 84 10  194 114 42  0 0 0  0 0 0  0 0 0  226 222 235  200 84 10  200 84 10  120 52 10  80 124 236  24 165 154  24 165 154  24 165 154  24 165 154  24 165 154  24 165 154  24 165 154  24 165 154  80 124 236  255 255 255  
255 255 255  255 255 255  255 255 255  255 255 255  255 255 255  255 255 255  255 255 255  200 84 10  237 228 116  237 228 116  237 228 116  200 84 10  237 228 116  237 228 116  237 228 116  237 228 116  237 228 116  200 84 10  200 84 10  194 114 42  194 114 42  120 52 10  226 222 235  226 222 235  200 84 10  200 84 10  120 52 10  24 165 154  24 165 154  24 165 154  24 165 154  24 165 154  24 165 154  24 165 154  24 165 154  24 165 154  24 165 154  0 0 0  
255 255 255  255 255 255  255 255 255  255 255 255  255 255 255  255 255 255  255 255 255  200 84 10  237 228 116  237 228 116  237 228 116  200 84 10  237 228 116  237 228 116  237 228 116  237 228 116  237 228 116  200 84 10  237 228 116  194 114 42  194 114 42  120 52 10  226 222 235  226 222 235  200 84 10  200 84 10  0 0 0  24 165 154  24 165 154  24 165 154  24 165 154  24 165 154  80 124 236  80 124 236  24 165 154  24 165 154  24 165 154  0 0 0  
255 255 255  255 255 255  255 255 255  255 255 255  255 255 255  255 255 255  255 255 255  200 84 10  200 84 10  237 228 116  237 228 116  200 84 10  237 228 116  237 228 116  237 228 116  237 228 116  200 84 10  237 228 116  237 228 116  194 114 42  194 114 42  200 84 10  226 222 235  226 222 235  200 84 10  0 0 0  120 52 10  24 165 154  24 165 154  24 165 154  24 165 154  80 124 236  24 165 154  24 165 154  80 124 236  24 165 154  24 165 154  0 0 0  
255 255 255  255 255 255  255 255 255  255 255 255  255 255 255  255 255 255  255 255 255  200 84 10  237 228 116  200 84 10  200 84 10  200 84 10  200 84 10  200 84 10  200 84 10  200 84 10  200 84 10  237 228 116  237 228 116  237 228 116  194 114 42  200 84 10  200 84 10  226 222 235  200 84 10  200 84 10  120 52 10  24 165 154  24 165 154  24 165 154  80 124 236  24 165 154  24 165 154  24 165 154  24 165 154  24 165 154  0 0 0  255 255 255  
255 255 255  255 255 255  255 255 255  255 255 255  255 255 255  255 255 255  255 255 255  200 84 10  237 228 116  237 228 116  237 228 116  200 84 10  237 228 116  237 228 116  237 228 116  237 228 116  237 228 116  200 84 10  237 228 116  237 228 116  194 114 42  200 84 10  120 52 10  226 222 235  226 222 235  200 84 10  0 0 0  24 165 154  24 165 154  24 165 154  0 0 0  24 165 154  24 165 154  24 165 154  24 165 154  24 165 154  0 0 0  255 255 255  
255 255 255  255 255 255  255 255 255  255 255 255  255 255 255  255 255 255  24 165 154  200 84 10  237 228 116  237 228 116  237 228 116  200 84 10  237 228 116  237 228 116  237 228 116  237 228 116  237 228 116  194 114 42  200 84 10  200 84 10  24 165 154  24 165 154  80 124 236  80 124 236  226 222 235  200 84 10  0 0 0  24 165 154  24 165 154  24 165 154  0 0 0  24 165 154  24 165 154  24 165 154  24 165 154  24 165 154  0 0 0  255 255 255  
255 255 255  255 255 255  255 255 255  255 255 255  255 255 255  24 165 154  24 165 154  24 165 154  200 84 10  237 228 116  237 228 116  200 84 10  237 228 116  237 228 116  237 228 116  237 228 116  237 228 116  194 114 42  194 114 42  24 165 154  24 165 154  24 165 154  24 165 154  24 165 154  80 124 236  226 222 235  0 0 0  24 165 154  24 165 154  24 165 154  24 165 154  0 0 0  24 165 154  24 165 154  24 165 154  0 0 0  255 255 255  255 255 255  
255 255 255  255 255 255  255 255 255  255 255 255  24 165 154  24 165 154  24 165 154  24 165 154  200 84 10  194 114 42  194 114 42  200 84 10  200 84 10  194 114 42  194 114 42  194 114 42  194 114 42  194 114 42  24 165 154  24 165 154  24 165 154  24 165 154  24 165 154  24 165 154  24 165 154  80 124 236  24 165 154  24 165 154  24 165 154  24 165 154  24 165 154  24 165 154  0 0 0  0 0 0  0 0 0  255 255 255  255 255 255  255 255 255  
255 255 255  255 255 255  255 255 255  255 255 255  24 165 154  24 165 154  24 165 154  24 165 154  24 165 154  200 84 10  200 84 10  194 114 42  194 114 42  200 84 10  200 84 10  194 114 42  194 114 42  194 114 42  80 124 236  24 165 154  24 165 154  24 165 154  24 165 154  24 165 154  24 165 154  0 0 0  24 165 154  24 165 154  24 165 154  24 165 154  0 0 0  0 0 0  0 0 0  255 255 255  255 255 255  255 255 255  255 255 255  255 255 255  
255 255 255  255 255 255  255 255 255  255 255 255  80 124 236  24 165 154  24 165 154  24 165 154  24 165 154  24 165 154  120 52 10  194 114 42  194 114 42  194 114 42  194 114 42  200 84 10  200 84 10  200 84 10  80 124 236  24 165 154  24 165 154  24 165 154  24 165 154  24 165 154  24 165 154  80 124 236  0 0 0  0 0 0  0 0 0  0 0 0  255 255 255  255 255 255  255 255 255  255 255 255  255 255 255  255 255 255  255 255 255  255 255 255  
255 255 255  255 255 255  255 255 255  255 255 255  0 0 0  24 165 154  24 165 154  24 165 154  24 165 154  24 165 154  24 165 154  120 52 10  120 52 10  194 114 42  194 114 42  194 114 42  194 114 42  200 84 10  0 0 0  24 165 154  24 165 154  24 165 154  24 165 154  24 165 154  24 165 154  24 165 154  0 0 0  255 255 255  255 255 255  255 255 255  255 255 255  255 255 255  255 255 255  255 255 255  255 255 255  255 255 255  255 255 255  255 255 255  
255 255 255  255 255 255  255 255 255  255 255 255  255 255 255  0 0 0  24 165 154  24 165 154  24 165 154  24 165 154  24 165 154  24 165 154  0 0 0  120 52 10  120 52 10  0 0 0  0 0 0  0 0 0  0 0 0  80 124 236  24 165 154  24 165 154  24 165 154  24 165 154  24 165 154  24 165 154  0 0 0  255 255 255  255 255 255  255 255 255  255 255 255  255 255 255  255 255 255  255 255 255  255 255 255  255 255 255  255 255 255  255 255 255  
255 255 255  255 255 255  255 255 255  255 255 255  255 255 255  80 124 236  24 165 154  24 165 154  24 165 154  24 165 154  24 165 154  0 0 0  255 255 255  255 255 255  255 255 255  255 255 255  255 255 255  255 255 255  255 255 255  0 0 0  24 165 154  24 165 154  24 165 154  24 165 154  24 165 154  24 165 154  0 0 0  255 255 255  255 255 255  255 255 255  255 255 255  255 255 255  255 255 255  255 255 255  255 255 255  255 255 255  255 255 255  255 255 255  
255 255 255  255 255 255  255 255 255  255 255 255  80 124 236  24 165 154  24 165 154  80 124 236  24 165 154  24 165 154  0 0 0  255 255 255  255 255 255  255 255 255  255 255 255  255 255 255  255 255 255  255 255 255  255 255 255  255 255 255  0 0 0  24 165 154  24 165 154  24 165 154  24 165 154  24 165 154  24 165 154  0 0 0  255 255 255  255 255 255  255 255 255  255 255 255  255 255 255  255 255 255  255 255 255  255 255 255  255 255 255  255 255 255  
255 255 255  255 255 255  255 255 255  255 255 255  255 255 255  0 0 0  0 0 0  255 255 255  0 0 0  0 0 0  255 255 255  255 255 255  255 255 255  255 255 255  255 255 255  255 255 255  255 255 255  255 255 255  255 255 255  255 255 255  0 0 0  24 165 154  24 165 154  0 0 0  24 165 154  80 124 236  0 0 0  0 0 0  255 255 255  255 255 255  255 255 255  255 255 255  255 255 255  255 255 255  255 255 255  255 255 255  255 255 255  255 255 255  
255 255 255  255 255 255  255 255 255  255 255 255  255 255 255  255 255 255  255 255 255  255 255 255  255 255 255  255 255 255  255 255 255  255 255 255  255 255 255  255 255 255  255 255 255  255 255 255  255 255 255  255 255 255  255 255 255  255 255 255  255 255 255  0 0 0  0 0 0  255 255 255  0 0 0  0 0 0  255 255 255  255 255 255  255 255 255  255 255 255  255 255 255  255 255 255  255 255 255  255 255 255  255 255 255  255 255 255  255 255 255  255 255 255  
