16
15
255 255 255  255 255 255  255 255 255  0 0 0  0 0 0  255 255 255  255 255 255  255 255 255  255 255 255  255 255 255  255 255 255  255 255 255  255 255 255  255 255 255  255 255 255  
255 255 255  255 255 255  255 255 255  0 0 0  214 209 222  0 0 0  0 0 0  0 0 0  0 0 0  255 255 255  255 255 255  255 255 255  255 255 255  255 255 255  255 255 255  
255 255 255  255 255 255  255 255 255  0 0 0  214 209 222  214 209 222  0 0 0  196 111 35  196 111 35  0 0 0  255 255 255  255 255 255  255 255 255  255 255 255  255 255 255  
255 255 255  255 255 255  0 0 0  196 111 35  214 209 222  214 209 222  0 0 0  254 180 50  196 111 35  196 111 35  0 0 0  255 255 255  255 255 255  255 255 255  255 255 255  
255 255 255  0 0 0  196 111 35  254 180 50  196 111 35  196 111 35  254 180 50  254 180 50  254 180 50  196 111 35  0 0 0  0 0 0  255 255 255  255 255 255  255 255 255  
255 255 255  0 0 0  0 0 0  254 180 50  254 180 50  254 180 50  254 180 50  254 180 50  254 180 50  196 111 35  196 111 35  0 0 0  255 255 255  255 255 255  255 255 255  
0 0 0  251 21 15  251 21 15  0 0 0  254 180 50  254 180 50  254 180 50  254 180 50  196 111 35  196 111 35  196 111 35  0 0 0  255 255 255  255 255 255  255 255 255  
0 0 0  251 21 15  251 21 15  251 21 15  0 0 0  196 111 35  0 0 0  196 111 35  196 111 35  196 111 35  196 111 35  0 0 0  255 255 255  255 255 255  255 255 255  
255 255 255  0 0 0  251 21 15  251 21 15  0 0 0  196 111 35  196 111 35  196 111 35  196 111 35  196 111 35  0 0 0  255 255 255  255 255 255  255 255 255  255 255 255  
255 255 255  255 255 255  0 0 0  0 0 0  196 111 35  196 111 35  196 111 35  196 111 35  0 0 0  0 0 0  0 0 0  255 255 255  255 255 255  0 0 0  255 255 255  
255 255 255  255 255 255  255 255 255  255 255 255  0 0 0  0 0 0  0 0 0  0 0 0  196 111 35  196 111 35  0 0 0  255 255 255  0 0 0  214 209 222  0 0 0  
255 255 255  255 255 255  255 255 255  255 255 255  0 0 0  251 21 15  254 180 50  254 180 50  251 21 15  196 111 35  0 0 0  0 0 0  0 0 0  214 209 222  0 0 0  
255 255 255  255 255 255  255 255 255  255 255 255  255 255 255  0 0 0  196 111 35  196 111 35  196 111 35  0 0 0  196 111 35  0 0 0  196 111 35  0 0 0  255 255 255  
255 255 255  255 255 255  255 255 255  255 255 255  255 255 255  255 255 255  0 0 0  0 0 0  0 0 0  196 111 35  251 21 15  196 111 35  0 0 0  0 0 0  255 255 255  
255 255 255  255 255 255  255 255 255  255 255 255  255 255 255  255 255 255  255 255 255  0 0 0  196 111 35  196 111 35  196 111 35  0 0 0  0 0 0  255 255 255  255 255 255  
255 255 255  255 255 255  255 255 255  255 255 255  255 255 255  255 255 255  255 255 255  255 255 255  0 0 0  0 0 0  0 0 0  0 0 0  255 255 255  255 255 255  255 255 255  
