34
43
255 255 255  255 255 255  255 255 255  255 255 255  255 255 255  255 255 255  65 98 182  65 98 182  65 98 182  65 98 182  255 255 255  255 255 255  255 255 255  255 255 255  255 255 255  255 255 255  255 255 255  255 255 255  255 255 255  255 255 255  255 255 255  65 98 182  65 98 182  65 98 182  65 98 182  255 255 255  255 255 255  255 255 255  255 255 255  255 255 255  255 255 255  255 255 255  255 255 255  255 255 255  255 255 255  255 255 255  255 255 255  255 255 255  255 255 255  255 255 255  255 255 255  255 255 255  255 255 255
255 255 255  255 255 255  255 255 255  255 255 255  255 255 255  65 98 182  78 145 237  105 181 251  105 181 251  78 145 237  65 98 182  255 255 255  255 255 255  255 255 255  255 255 255  255 255 255  255 255 255  255 255 255  255 255 255  0 0 0  65 98 182  105 181 251  105 181 251  78 145 237  78 145 237  65 98 182  0 0 0  255 255 255  255 255 255  255 255 255  255 255 255  255 255 255  255 255 255  255 255 255  255 255 255  255 255 255  255 255 255  255 255 255  255 255 255  255 255 255  255 255 255  255 255 255  255 255 255
255 255 255  255 255 255  255 255 255  255 255 255  0 0 0  78 145 237  78 145 237  105 181 251  105 181 251  78 145 237  65 98 182  65 98 182  255 255 255  255 255 255  255 255 255  255 255 255  255 255 255  255 255 255  0 0 0  251 251 251  78 145 237  105 181 251  105 181 251  78 145 237  78 145 237  65 98 182  65 98 182  0 0 0  255 255 255  255 255 255  255 255 255  255 255 255  255 255 255  255 255 255  255 255 255  255 255 255  255 255 255  255 255 255  255 255 255  255 255 255  255 255 255  255 255 255  255 255 255
255 255 255  255 255 255  255 255 255  255 255 255  78 145 237  78 145 237  0 0 0  0 0 0  0 0 0  78 145 237  78 145 237  65 98 182  65 98 182  255 255 255  255 255 255  255 255 255  255 255 255  255 255 255  65 98 182  251 251 251  78 145 237  78 145 237  0 0 0  0 0 0  0 0 0  65 98 182  65 98 182  0 0 0  255 255 255  255 255 255  255 255 255  255 255 255  255 255 255  255 255 255  255 255 255  255 255 255  255 255 255  255 255 255  255 255 255  255 255 255  255 255 255  255 255 255  255 255 255
255 255 255  255 255 255  255 255 255  0 0 0  78 145 237  0 0 0  150 0 15  150 0 15  150 0 15  0 0 0  78 145 237  65 98 182  65 98 182  255 255 255  255 255 255  255 255 255  255 255 255  0 0 0  78 145 237  78 145 237  251 251 251  150 0 15  150 0 15  150 0 15  150 0 15  0 0 0  65 98 182  65 98 182  0 0 0  255 255 255  255 255 255  255 255 255  255 255 255  255 255 255  255 255 255  255 255 255  255 255 255  255 255 255  255 255 255  255 255 255  255 255 255  255 255 255  255 255 255
255 255 255  255 255 255  255 255 255  0 0 0  150 0 15  150 0 15  195 46 54  195 46 54  150 0 15  150 0 15  65 98 182  65 98 182  0 0 0  0 0 0  0 0 0  0 0 0  0 0 0  0 0 0  78 145 237  78 145 237  150 0 15  150 0 15  195 46 54  195 46 54  195 46 54  150 0 15  0 0 0  65 98 182  0 0 0  255 255 255  255 255 255  255 255 255  255 255 255  255 255 255  255 255 255  255 255 255  255 255 255  255 255 255  255 255 255  255 255 255  255 255 255  255 255 255  255 255 255
255 255 255  255 255 255  255 255 255  0 0 0  150 0 15  195 46 54  230 58 87  230 58 87  195 46 54  0 0 0  65 98 182  65 98 182  78 145 237  78 145 237  78 145 237  78 145 237  65 98 182  65 98 182  78 145 237  78 145 237  150 0 15  195 46 54  195 46 54  230 58 87  230 58 87  195 46 54  0 0 0  65 98 182  0 0 0  255 255 255  255 255 255  255 255 255  255 255 255  255 255 255  255 255 255  255 255 255  255 255 255  255 255 255  255 255 255  255 255 255  255 255 255  255 255 255  255 255 255
255 255 255  255 255 255  255 255 255  0 0 0  150 0 15  195 46 54  230 58 87  230 58 87  150 0 15  65 98 182  78 145 237  78 145 237  78 145 237  78 145 237  78 145 237  78 145 237  78 145 237  78 145 237  78 145 237  78 145 237  150 0 15  150 0 15  230 58 87  230 58 87  230 58 87  230 58 87  150 0 15  65 98 182  0 0 0  255 255 255  255 255 255  255 255 255  255 255 255  255 255 255  255 255 255  255 255 255  255 255 255  255 255 255  255 255 255  255 255 255  255 255 255  255 255 255  255 255 255
255 255 255  255 255 255  255 255 255  255 255 255  65 98 182  150 0 15  195 46 54  150 0 15  65 98 182  78 145 237  78 145 237  78 145 237  78 145 237  78 145 237  78 145 237  78 145 237  78 145 237  78 145 237  78 145 237  78 145 237  78 145 237  78 145 237  150 0 15  230 58 87  230 58 87  195 46 54  150 0 15  0 0 0  255 255 255  255 255 255  255 255 255  255 255 255  255 255 255  255 255 255  255 255 255  255 255 255  65 98 182  65 98 182  0 0 0  255 255 255  255 255 255  255 255 255  255 255 255
255 255 255  255 255 255  255 255 255  255 255 255  0 0 0  65 98 182  150 0 15  65 98 182  78 145 237  78 145 237  78 145 237  78 145 237  78 145 237  78 145 237  78 145 237  78 145 237  78 145 237  78 145 237  78 145 237  78 145 237  78 145 237  78 145 237  78 145 237  150 0 15  150 0 15  150 0 15  65 98 182  0 0 0  255 255 255  255 255 255  255 255 255  255 255 255  255 255 255  255 255 255  65 98 182  78 145 237  105 181 251  105 181 251  78 145 237  0 0 0  0 0 0  255 255 255  255 255 255
255 255 255  255 255 255  255 255 255  255 255 255  255 255 255  0 0 0  65 98 182  78 145 237  0 0 0  78 145 237  78 145 237  78 145 237  78 145 237  78 145 237  78 145 237  78 145 237  78 145 237  0 0 0  78 145 237  78 145 237  78 145 237  78 145 237  78 145 237  65 98 182  65 98 182  65 98 182  0 0 0  255 255 255  255 255 255  255 255 255  255 255 255  255 255 255  255 255 255  65 98 182  78 145 237  105 181 251  105 181 251  105 181 251  105 181 251  78 145 237  41 91 164  0 0 0  255 255 255
255 255 255  255 255 255  255 255 255  255 255 255  255 255 255  65 98 182  78 145 237  0 0 0  251 251 251  65 98 182  78 145 237  78 145 237  78 145 237  78 145 237  78 145 237  78 145 237  0 0 0  251 251 251  0 0 0  78 145 237  78 145 237  78 145 237  78 145 237  78 145 237  65 98 182  0 0 0  255 255 255  255 255 255  255 255 255  255 255 255  255 255 255  255 255 255  255 255 255  65 98 182  78 145 237  105 181 251  105 181 251  105 181 251  105 181 251  78 145 237  78 145 237  0 0 0  255 255 255
255 255 255  255 255 255  255 255 255  255 255 255  255 255 255  65 98 182  78 145 237  0 0 0  0 0 0  0 0 0  78 145 237  0 0 0  78 145 237  78 145 237  78 145 237  78 145 237  0 0 0  0 0 0  0 0 0  78 145 237  78 145 237  78 145 237  78 145 237  78 145 237  78 145 237  78 145 237  0 0 0  255 255 255  255 255 255  255 255 255  255 255 255  255 255 255  0 0 0  78 145 237  78 145 237  78 145 237  105 181 251  105 181 251  78 145 237  78 145 237  78 145 237  41 91 164  0 0 0
255 255 255  0 0 0  0 0 0  0 0 0  0 0 0  78 145 237  78 145 237  65 98 182  0 0 0  65 98 182  78 145 237  78 145 237  78 145 237  78 145 237  65 98 182  78 145 237  78 145 237  0 0 0  78 145 237  78 145 237  78 145 237  78 145 237  78 145 237  78 145 237  78 145 237  65 98 182  0 0 0  0 0 0  0 0 0  255 255 255  255 255 255  255 255 255  0 0 0  78 145 237  78 145 237  78 145 237  78 145 237  78 145 237  78 145 237  78 145 237  78 145 237  41 91 164  0 0 0
0 0 0  65 98 182  65 98 182  65 98 182  0 0 0  78 145 237  78 145 237  78 145 237  78 145 237  65 98 182  65 98 182  0 0 0  0 0 0  65 98 182  65 98 182  78 145 237  78 145 237  78 145 237  78 145 237  78 145 237  78 145 237  78 145 237  78 145 237  78 145 237  65 98 182  0 0 0  78 145 237  78 145 237  41 91 164  0 0 0  255 255 255  255 255 255  0 0 0  65 98 182  78 145 237  78 145 237  78 145 237  78 145 237  78 145 237  78 145 237  41 91 164  41 91 164  0 0 0
0 0 0  65 98 182  65 98 182  65 98 182  65 98 182  78 145 237  78 145 237  78 145 237  78 145 237  78 145 237  78 145 237  78 145 237  78 145 237  78 145 237  78 145 237  78 145 237  78 145 237  78 145 237  78 145 237  78 145 237  78 145 237  78 145 237  65 98 182  65 98 182  78 145 237  78 145 237  78 145 237  78 145 237  78 145 237  0 0 0  255 255 255  255 255 255  255 255 255  0 0 0  41 91 164  78 145 237  78 145 237  78 145 237  78 145 237  41 91 164  41 91 164  0 0 0  255 255 255
0 0 0  65 98 182  65 98 182  65 98 182  78 145 237  78 145 237  78 145 237  78 145 237  78 145 237  78 145 237  78 145 237  78 145 237  78 145 237  78 145 237  78 145 237  78 145 237  78 145 237  78 145 237  78 145 237  78 145 237  78 145 237  78 145 237  78 145 237  78 145 237  78 145 237  78 145 237  78 145 237  78 145 237  41 91 164  0 0 0  255 255 255  255 255 255  255 255 255  0 0 0  41 91 164  41 91 164  41 91 164  41 91 164  41 91 164  41 91 164  41 91 164  0 0 0  255 255 255
255 255 255  0 0 0  41 91 164  0 0 0  78 145 237  78 145 237  78 145 237  78 145 237  78 145 237  161 176 234  251 251 251  251 251 251  251 251 251  251 251 251  251 251 251  161 176 234  78 145 237  78 145 237  78 145 237  78 145 237  78 145 237  78 145 237  78 145 237  78 145 237  78 145 237  78 145 237  41 91 164  41 91 164  0 0 0  255 255 255  255 255 255  255 255 255  255 255 255  255 255 255  0 0 0  0 0 0  41 91 164  0 0 0  41 91 164  0 0 0  0 0 0  255 255 255  255 255 255
255 255 255  255 255 255  0 0 0  0 0 0  78 145 237  78 145 237  78 145 237  251 251 251  251 251 251  251 251 251  251 251 251  251 251 251  251 251 251  251 251 251  251 251 251  251 251 251  251 251 251  161 176 234  78 145 237  78 145 237  78 145 237  78 145 237  78 145 237  41 91 164  41 91 164  0 0 0  0 0 0  0 0 0  0 0 0  255 255 255  255 255 255  255 255 255  255 255 255  255 255 255  255 255 255  255 255 255  0 0 0  0 0 0  0 0 0  255 255 255  255 255 255  255 255 255  255 255 255
255 255 255  255 255 255  255 255 255  0 0 0  78 145 237  78 145 237  251 251 251  251 251 251  251 251 251  251 251 251  251 251 251  251 251 251  251 251 251  251 251 251  251 251 251  251 251 251  251 251 251  251 251 251  251 251 251  161 176 234  78 145 237  78 145 237  78 145 237  78 145 237  41 91 164  41 91 164  41 91 164  41 91 164  0 0 0  255 255 255  255 255 255  255 255 255  255 255 255  255 255 255  255 255 255  255 255 255  255 255 255  0 0 0  255 255 255  255 255 255  255 255 255  255 255 255  255 255 255
255 255 255  255 255 255  255 255 255  0 0 0  41 91 164  251 251 251  251 251 251  251 251 251  251 251 251  251 251 251  251 251 251  251 251 251  251 251 251  251 251 251  251 251 251  251 251 251  251 251 251  251 251 251  251 251 251  251 251 251  161 176 234  78 145 237  78 145 237  41 91 164  41 91 164  41 91 164  41 91 164  41 91 164  0 0 0  255 255 255  255 255 255  255 255 255  255 255 255  255 255 255  255 255 255  255 255 255  255 255 255  255 255 255  0 0 0  255 255 255  255 255 255  255 255 255  255 255 255
255 255 255  255 255 255  255 255 255  255 255 255  0 0 0  161 176 234  251 251 251  251 251 251  251 251 251  251 251 251  251 251 251  251 251 251  251 251 251  251 251 251  251 251 251  251 251 251  251 251 251  251 251 251  251 251 251  251 251 251  251 251 251  161 176 234  41 91 164  41 91 164  41 91 164  41 91 164  41 91 164  0 0 0  255 255 255  255 255 255  255 255 255  255 255 255  255 255 255  255 255 255  255 255 255  0 0 0  0 0 0  0 0 0  0 0 0  0 0 0  255 255 255  255 255 255  255 255 255
255 255 255  255 255 255  255 255 255  255 255 255  0 0 0  194 198 190  161 176 234  251 251 251  251 251 251  251 251 251  251 251 251  251 251 251  251 251 251  251 251 251  251 251 251  251 251 251  251 251 251  251 251 251  251 251 251  251 251 251  161 176 234  194 198 190  194 198 190  41 91 164  41 91 164  41 91 164  41 91 164  0 0 0  255 255 255  255 255 255  255 255 255  255 255 255  255 255 255  255 255 255  255 255 255  0 0 0  0 0 0  255 255 255  255 255 255  255 255 255  255 255 255  255 255 255  255 255 255
255 255 255  255 255 255  255 255 255  255 255 255  255 255 255  0 0 0  194 198 190  194 198 190  161 176 234  251 251 251  251 251 251  251 251 251  251 251 251  251 251 251  251 251 251  251 251 251  251 251 251  161 176 234  194 198 190  194 198 190  194 198 190  194 198 190  194 198 190  41 91 164  41 91 164  41 91 164  41 91 164  0 0 0  255 255 255  255 255 255  255 255 255  0 0 0  0 0 0  255 255 255  255 255 255  0 0 0  0 0 0  255 255 255  255 255 255  255 255 255  255 255 255  255 255 255  255 255 255
255 255 255  255 255 255  255 255 255  255 255 255  255 255 255  0 0 0  194 198 190  194 198 190  194 198 190  194 198 190  194 198 190  194 198 190  194 198 190  194 198 190  194 198 190  194 198 190  194 198 190  194 198 190  194 198 190  194 198 190  194 198 190  194 198 190  194 198 190  41 91 164  41 91 164  41 91 164  0 0 0  255 255 255  255 255 255  255 255 255  255 255 255  0 0 0  0 0 0  0 0 0  255 255 255  0 0 0  255 255 255  255 255 255  255 255 255  255 255 255  255 255 255  255 255 255  255 255 255
255 255 255  255 255 255  255 255 255  255 255 255  255 255 255  255 255 255  0 0 0  194 198 190  194 198 190  194 198 190  194 198 190  194 198 190  194 198 190  194 198 190  194 198 190  194 198 190  194 198 190  194 198 190  194 198 190  194 198 190  194 198 190  194 198 190  194 198 190  41 91 164  41 91 164  41 91 164  0 0 0  255 255 255  255 255 255  255 255 255  255 255 255  0 0 0  255 255 255  0 0 0  0 0 0  0 0 0  255 255 255  255 255 255  255 255 255  255 255 255  255 255 255  255 255 255  255 255 255
255 255 255  255 255 255  255 255 255  255 255 255  255 255 255  255 255 255  255 255 255  0 0 0  194 198 190  194 198 190  194 198 190  194 198 190  194 198 190  194 198 190  194 198 190  194 198 190  194 198 190  194 198 190  194 198 190  194 198 190  194 198 190  194 198 190  41 91 164  41 91 164  41 91 164  0 0 0  0 0 0  0 0 0  255 255 255  255 255 255  0 0 0  0 0 0  255 255 255  255 255 255  0 0 0  0 0 0  255 255 255  255 255 255  255 255 255  255 255 255  255 255 255  255 255 255  255 255 255
255 255 255  255 255 255  255 255 255  255 255 255  255 255 255  255 255 255  255 255 255  255 255 255  0 0 0  65 98 182  194 198 190  194 198 190  194 198 190  194 198 190  194 198 190  194 198 190  194 198 190  194 198 190  194 198 190  194 198 190  194 198 190  41 91 164  41 91 164  41 91 164  0 0 0  255 255 255  255 255 255  0 0 0  0 0 0  255 255 255  0 0 0  255 255 255  255 255 255  255 255 255  255 255 255  0 0 0  255 255 255  255 255 255  255 255 255  255 255 255  255 255 255  255 255 255  255 255 255
255 255 255  255 255 255  255 255 255  255 255 255  255 255 255  255 255 255  255 255 255  255 255 255  0 0 0  0 0 0  0 0 0  65 98 182  194 198 190  194 198 190  194 198 190  194 198 190  194 198 190  194 198 190  194 198 190  41 91 164  41 91 164  41 91 164  0 0 0  0 0 0  255 255 255  255 255 255  255 255 255  255 255 255  0 0 0  0 0 0  0 0 0  255 255 255  255 255 255  255 255 255  255 255 255  255 255 255  255 255 255  255 255 255  255 255 255  255 255 255  255 255 255  255 255 255  255 255 255
255 255 255  255 255 255  255 255 255  255 255 255  255 255 255  255 255 255  0 0 0  0 0 0  41 91 164  41 91 164  41 91 164  41 91 164  41 91 164  0 0 0  0 0 0  0 0 0  0 0 0  0 0 0  41 91 164  0 0 0  0 0 0  41 91 164  0 0 0  255 255 255  255 255 255  255 255 255  255 255 255  255 255 255  255 255 255  0 0 0  0 0 0  255 255 255  255 255 255  255 255 255  255 255 255  255 255 255  255 255 255  255 255 255  255 255 255  255 255 255  255 255 255  255 255 255  255 255 255
255 255 255  255 255 255  255 255 255  255 255 255  255 255 255  0 0 0  78 145 237  78 145 237  78 145 237  41 91 164  41 91 164  41 91 164  0 0 0  255 255 255  255 255 255  255 255 255  255 255 255  255 255 255  0 0 0  41 91 164  41 91 164  41 91 164  41 91 164  0 0 0  255 255 255  255 255 255  255 255 255  255 255 255  255 255 255  255 255 255  255 255 255  255 255 255  255 255 255  255 255 255  255 255 255  255 255 255  255 255 255  255 255 255  255 255 255  255 255 255  255 255 255  255 255 255  255 255 255
255 255 255  255 255 255  255 255 255  255 255 255  255 255 255  0 0 0  78 145 237  78 145 237  78 145 237  41 91 164  0 0 0  0 0 0  255 255 255  255 255 255  255 255 255  255 255 255  255 255 255  255 255 255  0 0 0  41 91 164  78 145 237  78 145 237  78 145 237  78 145 237  0 0 0  255 255 255  255 255 255  255 255 255  255 255 255  255 255 255  255 255 255  255 255 255  255 255 255  255 255 255  255 255 255  255 255 255  255 255 255  255 255 255  255 255 255  255 255 255  255 255 255  255 255 255  255 255 255
255 255 255  255 255 255  255 255 255  255 255 255  255 255 255  255 255 255  0 0 0  0 0 0  0 0 0  0 0 0  255 255 255  255 255 255  255 255 255  255 255 255  255 255 255  255 255 255  255 255 255  255 255 255  255 255 255  0 0 0  78 145 237  78 145 237  78 145 237  78 145 237  0 0 0  255 255 255  255 255 255  255 255 255  255 255 255  255 255 255  255 255 255  255 255 255  255 255 255  255 255 255  255 255 255  255 255 255  255 255 255  255 255 255  255 255 255  255 255 255  255 255 255  255 255 255  255 255 255
255 255 255  255 255 255  255 255 255  255 255 255  255 255 255  255 255 255  255 255 255  255 255 255  255 255 255  255 255 255  255 255 255  255 255 255  255 255 255  255 255 255  255 255 255  255 255 255  255 255 255  255 255 255  255 255 255  255 255 255  0 0 0
