39
39
255 255 255  255 255 255  255 255 255  255 255 255  255 255 255  255 255 255  255 255 255  255 255 255  255 255 255  255 255 255  255 255 255  255 255 255  255 255 255  255 201 14  255 255 255  255 255 255  255 255 255  255 255 255  255 255 255  255 255 255  255 255 255  255 255 255  255 255 255  255 127 39  255 255 255  255 255 255  255 255 255  255 255 255  255 255 255  255 255 255  255 255 255  255 255 255  255 255 255  255 255 255  255 255 255  255 255 255  255 255 255  255 255 255  255 255 255
255 255 255  255 255 255  255 255 255  255 255 255  255 255 255  255 255 255  255 201 14  255 255 255  255 255 255  255 201 14  255 255 255  255 255 255  255 255 255  255 127 39  255 127 39  255 127 39  255 255 255  255 255 255  255 255 255  255 255 255  255 255 255  255 255 255  255 255 255  255 201 14  255 127 39  255 255 255  255 255 255  255 255 255  255 255 255  255 255 255  255 255 255  255 255 255  255 255 255  255 255 255  255 255 255  255 255 255  255 255 255  255 255 255  255 255 255
255 255 255  255 255 255  255 255 255  255 255 255  255 255 255  255 255 255  255 127 39  255 127 39  255 255 255  255 127 39  255 255 255  255 255 255  255 127 39  255 127 39  255 127 39  255 127 39  255 127 39  255 255 255  255 255 255  255 255 255  255 255 255  255 255 255  255 255 255  255 201 14  255 127 39  255 255 255  255 255 255  255 255 255  255 255 255  255 255 255  255 255 255  255 255 255  255 255 255  255 255 255  255 255 255  255 255 255  255 255 255  255 255 255  255 255 255
255 255 255  255 255 255  255 255 255  255 255 255  255 255 255  255 255 255  255 127 39  255 127 39  255 127 39  255 127 39  255 127 39  255 255 255  255 127 39  255 127 39  255 127 39  255 127 39  255 127 39  255 255 255  255 255 255  255 255 255  255 255 255  255 255 255  255 127 39  255 201 14  255 127 39  255 255 255  255 255 255  255 255 255  255 255 255  255 255 255  255 255 255  255 255 255  255 255 255  255 255 255  255 255 255  255 255 255  255 255 255  255 255 255  255 255 255
255 255 255  255 255 255  255 255 255  255 255 255  255 255 255  255 255 255  255 201 14  255 127 39  255 127 39  255 127 39  255 127 39  255 127 39  255 127 39  255 201 14  255 201 14  255 127 39  255 127 39  255 255 255  255 255 255  255 255 255  255 255 255  255 255 255  255 127 39  255 201 14  255 201 14  255 255 255  255 255 255  255 255 255  255 255 255  255 255 255  255 255 255  255 255 255  255 255 255  255 255 255  255 255 255  255 255 255  255 255 255  255 255 255  255 255 255
255 255 255  255 255 255  255 255 255  255 255 255  255 255 255  255 255 255  255 255 255  255 127 39  255 201 14  255 127 39  255 127 39  255 127 39  255 201 14  255 201 14  255 201 14  255 127 39  255 127 39  255 127 39  255 255 255  255 255 255  255 255 255  255 255 255  255 127 39  255 201 14  255 201 14  255 127 39  255 255 255  255 255 255  255 255 255  255 255 255  255 255 255  255 255 255  255 255 255  255 255 255  255 255 255  255 255 255  255 255 255  255 255 255  255 255 255
255 255 255  255 255 255  255 255 255  255 127 39  255 255 255  255 255 255  255 255 255  255 201 14  255 127 39  255 127 39  255 127 39  255 127 39  255 201 14  255 201 14  255 201 14  255 201 14  255 127 39  255 127 39  255 255 255  255 255 255  255 255 255  255 127 39  255 127 39  255 201 14  255 201 14  255 127 39  255 255 255  255 255 255  255 255 255  255 255 255  255 255 255  255 255 255  255 255 255  255 255 255  255 255 255  255 255 255  255 255 255  255 255 255  255 255 255
255 255 255  255 255 255  255 255 255  255 127 39  255 255 255  255 255 255  255 255 255  255 127 39  255 127 39  255 127 39  255 127 39  255 127 39  255 201 14  255 201 14  255 201 14  255 201 14  255 127 39  255 127 39  255 255 255  255 255 255  255 255 255  255 127 39  255 127 39  255 201 14  255 201 14  255 127 39  255 255 255  255 255 255  255 255 255  255 255 255  255 127 39  255 255 255  255 255 255  255 255 255  255 255 255  255 255 255  255 255 255  255 255 255  255 255 255
255 255 255  255 255 255  255 255 255  255 127 39  255 127 39  255 201 14  255 201 14  255 201 14  255 127 39  255 127 39  255 127 39  255 127 39  255 201 14  255 201 14  255 201 14  255 201 14  255 127 39  255 127 39  255 127 39  255 255 255  255 255 255  255 127 39  255 201 14  255 201 14  255 201 14  255 127 39  255 255 255  255 255 255  255 255 255  255 201 14  255 127 39  255 255 255  255 255 255  255 255 255  255 255 255  255 255 255  255 255 255  255 255 255  255 255 255
255 255 255  255 255 255  255 255 255  255 127 39  255 127 39  255 127 39  255 201 14  255 201 14  255 201 14  255 127 39  255 127 39  255 127 39  255 201 14  255 201 14  255 201 14  255 201 14  255 127 39  255 127 39  255 127 39  255 255 255  255 127 39  255 127 39  255 201 14  255 201 14  255 201 14  255 127 39  255 127 39  255 255 255  255 255 255  255 201 14  255 127 39  255 255 255  255 255 255  255 255 255  255 255 255  255 255 255  255 255 255  255 255 255  255 255 255
255 255 255  255 255 255  255 255 255  255 201 14  255 127 39  255 127 39  255 201 14  255 201 14  255 201 14  255 127 39  255 127 39  255 127 39  255 127 39  255 201 14  255 201 14  255 201 14  255 127 39  255 127 39  255 127 39  255 127 39  255 127 39  255 127 39  255 201 14  255 201 14  255 201 14  255 127 39  255 127 39  255 127 39  255 127 39  255 201 14  255 201 14  255 255 255  255 255 255  255 255 255  255 255 255  255 255 255  255 255 255  255 255 255  255 255 255
255 255 255  255 255 255  255 255 255  255 255 255  255 127 39  255 127 39  255 127 39  255 201 14  255 127 39  255 201 14  255 127 39  255 127 39  255 127 39  255 201 14  255 201 14  255 201 14  255 127 39  255 127 39  255 127 39  255 127 39  255 127 39  255 127 39  255 201 14  255 201 14  255 201 14  255 127 39  255 127 39  255 127 39  255 201 14  255 201 14  255 127 39  255 255 255  255 255 255  255 255 255  255 255 255  255 255 255  255 255 255  255 255 255  255 255 255
255 127 39  255 255 255  255 255 255  255 255 255  255 127 39  255 127 39  255 201 14  255 127 39  255 201 14  255 127 39  255 201 14  255 201 14  255 201 14  255 201 14  255 201 14  255 201 14  255 201 14  255 201 14  255 127 39  255 127 39  255 127 39  255 127 39  255 201 14  255 201 14  255 201 14  255 127 39  255 127 39  255 127 39  255 201 14  255 127 39  255 127 39  255 255 255  255 255 255  255 255 255  255 255 255  255 255 255  255 255 255  255 255 255  255 255 255
255 127 39  255 127 39  255 255 255  255 255 255  255 127 39  255 127 39  255 127 39  255 201 14  255 127 39  255 127 39  255 201 14  255 201 14  255 127 39  255 201 14  255 201 14  255 201 14  255 201 14  255 127 39  255 201 14  255 127 39  255 127 39  255 127 39  255 201 14  255 201 14  255 201 14  255 201 14  255 201 14  255 201 14  255 127 39  255 127 39  255 255 255  255 255 255  255 255 255  255 255 255  255 255 255  255 255 255  255 255 255  255 255 255  255 255 255
255 255 255  255 127 39  255 127 39  255 127 39  255 127 39  255 127 39  255 127 39  255 127 39  255 127 39  255 127 39  255 127 39  255 127 39  255 201 14  255 127 39  255 201 14  255 201 14  255 201 14  255 201 14  255 127 39  255 201 14  255 127 39  255 127 39  255 127 39  255 201 14  255 201 14  255 127 39  255 201 14  255 127 39  255 127 39  255 127 39  255 255 255  255 255 255  255 255 255  255 255 255  255 255 255  255 255 255  255 255 255  255 255 255  255 255 255
255 255 255  255 127 39  255 127 39  255 127 39  255 201 14  255 201 14  255 127 39  255 201 14  255 201 14  255 201 14  255 127 39  255 127 39  255 127 39  255 201 14  255 201 14  255 201 14  255 201 14  255 127 39  255 201 14  255 127 39  255 127 39  255 127 39  255 201 14  255 201 14  255 127 39  255 201 14  255 201 14  255 127 39  255 127 39  255 127 39  255 255 255  255 255 255  255 255 255  255 255 255  255 255 255  255 255 255  255 255 255  255 255 255  255 255 255
255 255 255  255 255 255  255 127 39  255 127 39  255 201 14  255 201 14  255 127 39  255 201 14  255 127 39  255 201 14  255 127 39  255 127 39  255 127 39  255 201 14  255 127 39  255 201 14  255 201 14  255 201 14  255 127 39  255 127 39  255 127 39  255 127 39  255 201 14  255 127 39  255 201 14  255 127 39  255 201 14  255 127 39  255 127 39  255 255 255  255 255 255  255 255 255  255 255 255  255 255 255  255 255 255  255 255 255  255 255 255  255 255 255  255 255 255
255 255 255  255 255 255  255 127 39  255 127 39  255 127 39  255 201 14  255 201 14  255 201 14  255 201 14  255 127 39  255 127 39  255 201 14  255 127 39  255 127 39  255 127 39  255 201 14  255 201 14  255 201 14  255 127 39  255 127 39  255 127 39  255 127 39  255 127 39  255 201 14  255 127 39  255 201 14  255 127 39  255 127 39  255 127 39  255 255 255  255 255 255  255 255 255  255 255 255  255 255 255  255 255 255  255 255 255  255 255 255  255 255 255  255 255 255
255 255 255  255 255 255  255 255 255  255 127 39  255 127 39  255 201 14  255 201 14  255 201 14  255 201 14  255 201 14  255 127 39  255 201 14  255 127 39  255 127 39  255 127 39  255 201 14  255 201 14  255 201 14  255 127 39  255 201 14  255 127 39  255 127 39  255 127 39  255 127 39  255 201 14  255 127 39  63 72 204  63 72 204  63 72 204  63 72 204  255 127 39  255 255 255  255 255 255  255 255 255  255 255 255  255 255 255  255 255 255  255 255 255  255 255 255
255 255 255  255 255 255  255 255 255  255 127 39  255 127 39  255 127 39  255 201 14  255 201 14  255 201 14  255 201 14  255 201 14  255 201 14  255 201 14  255 127 39  255 127 39  255 127 39  255 201 14  255 127 39  255 201 14  255 127 39  255 201 14  255 127 39  255 127 39  255 127 39  63 72 204  63 72 204  63 72 204  63 72 204  63 72 204  63 72 204  63 72 204  63 72 204  255 127 39  255 255 255  255 255 255  255 255 255  255 255 255  255 255 255  255 255 255
255 255 255  255 255 255  255 255 255  255 255 255  255 127 39  255 127 39  255 201 14  255 201 14  255 201 14  255 201 14  255 201 14  255 127 39  255 201 14  255 127 39  255 127 39  255 127 39  255 127 39  255 201 14  255 127 39  255 201 14  255 127 39  255 127 39  255 127 39  63 72 204  63 72 204  63 72 204  63 72 204  63 72 204  63 72 204  63 72 204  63 72 204  63 72 204  63 72 204  255 127 39  255 255 255  255 255 255  255 255 255  255 255 255  255 255 255
255 255 255  255 255 255  255 255 255  255 255 255  255 127 39  255 127 39  255 127 39  255 201 14  255 127 39  255 201 14  255 127 39  255 201 14  255 201 14  255 127 39  255 127 39  255 127 39  255 127 39  255 127 39  255 127 39  255 127 39  255 127 39  255 127 39  63 72 204  63 72 204  63 72 204  63 72 204  63 72 204  63 72 204  63 72 204  63 72 204  63 72 204  63 72 204  63 72 204  63 72 204  255 127 39  255 255 255  255 255 255  255 255 255  255 255 255
255 127 39  255 127 39  255 127 39  255 255 255  255 127 39  255 127 39  255 201 14  255 127 39  255 201 14  255 127 39  255 201 14  255 127 39  255 127 39  255 127 39  255 127 39  255 127 39  255 127 39  255 127 39  255 127 39  63 72 204  255 127 39  63 72 204  63 72 204  63 72 204  255 127 39  255 242 0  255 242 0  255 127 39  63 72 204  63 72 204  63 72 204  63 72 204  63 72 204  255 127 39  63 72 204  255 255 255  255 255 255  255 255 255  255 255 255
255 255 255  255 127 39  255 127 39  255 127 39  255 127 39  255 127 39  255 127 39  255 201 14  255 127 39  255 201 14  255 127 39  255 127 39  255 127 39  255 127 39  63 72 204  255 127 39  63 72 204  255 127 39  63 72 204  255 127 39  63 72 204  63 72 204  63 72 204  255 127 39  255 242 0  255 242 0  255 255 255  255 255 255  255 255 255  63 72 204  63 72 204  63 72 204  255 127 39  63 72 204  255 127 39  63 72 204  255 255 255  255 255 255  255 255 255
255 255 255  255 255 255  255 127 39  255 127 39  255 127 39  255 127 39  255 127 39  255 127 39  255 127 39  255 127 39  255 127 39  63 72 204  255 127 39  63 72 204  255 127 39  63 72 204  255 127 39  63 72 204  255 127 39  63 72 204  255 127 39  63 72 204  63 72 204  255 242 0  255 242 0  255 242 0  255 255 255  255 255 255  255 255 255  255 127 39  63 72 204  63 72 204  63 72 204  255 127 39  63 72 204  63 72 204  255 255 255  255 255 255  255 255 255
255 255 255  255 255 255  255 255 255  255 127 39  255 127 39  255 127 39  255 127 39  255 127 39  255 127 39  255 127 39  63 72 204  255 127 39  63 72 204  255 127 39  63 72 204  63 72 204  63 72 204  63 72 204  63 72 204  63 72 204  63 72 204  63 72 204  255 127 39  255 242 0  63 72 204  63 72 204  63 72 204  255 255 255  255 255 255  255 255 255  63 72 204  63 72 204  255 127 39  63 72 204  255 127 39  63 72 204  255 255 255  255 255 255  255 255 255
255 255 255  255 127 39  255 127 39  255 127 39  255 127 39  255 127 39  255 127 39  255 127 39  255 127 39  63 72 204  255 127 39  63 72 204  255 127 39  63 72 204  63 72 204  63 72 204  63 72 204  63 72 204  63 72 204  63 72 204  63 72 204  63 72 204  255 242 0  255 242 0  255 242 0  255 242 0  255 242 0  63 72 204  255 255 255  255 255 255  63 72 204  63 72 204  63 72 204  63 72 204  63 72 204  63 72 204  255 255 255  255 255 255  255 255 255
255 255 255  255 255 255  255 255 255  255 127 39  255 127 39  255 127 39  255 127 39  63 72 204  63 72 204  63 72 204  63 72 204  63 72 204  63 72 204  255 127 39  255 242 0  255 242 0  255 242 0  255 242 0  255 127 39  63 72 204  63 72 204  63 72 204  255 242 0  255 242 0  255 242 0  255 242 0  255 242 0  63 72 204  63 72 204  255 255 255  63 72 204  63 72 204  63 72 204  63 72 204  63 72 204  255 255 255  255 255 255  255 255 255  255 255 255
255 255 255  255 255 255  255 255 255  255 255 255  255 255 255  255 255 255  63 72 204  63 72 204  63 72 204  63 72 204  255 127 39  255 242 0  255 242 0  255 242 0  255 242 0  255 242 0  255 242 0  255 242 0  255 242 0  255 242 0  255 127 39  63 72 204  63 72 204  255 242 0  255 242 0  255 242 0  255 242 0  255 242 0  63 72 204  255 242 0  255 127 39  63 72 204  63 72 204  63 72 204  63 72 204  255 255 255  255 255 255  255 255 255  255 255 255
255 255 255  255 255 255  255 255 255  255 255 255  255 255 255  255 255 255  63 72 204  63 72 204  63 72 204  255 242 0  255 242 0  255 242 0  255 242 0  255 242 0  255 242 0  255 242 0  255 242 0  255 242 0  255 242 0  255 242 0  255 242 0  255 242 0  63 72 204  255 127 39  255 242 0  255 242 0  255 242 0  255 242 0  63 72 204  255 242 0  255 242 0  63 72 204  63 72 204  63 72 204  63 72 204  255 255 255  255 255 255  255 255 255  255 255 255
255 255 255  255 255 255  255 255 255  255 255 255  255 255 255  255 127 39  63 72 204  255 242 0  255 242 0  255 242 0  255 242 0  255 242 0  255 242 0  255 242 0  255 242 0  255 242 0  255 242 0  255 242 0  255 242 0  255 242 0  255 242 0  255 242 0  255 242 0  255 242 0  255 242 0  255 242 0  255 242 0  255 242 0  255 242 0  255 242 0  255 242 0  63 72 204  63 72 204  63 72 204  63 72 204  63 72 204  255 255 255  255 255 255  255 255 255
255 255 255  255 255 255  255 255 255  255 255 255  255 255 255  63 72 204  255 242 0  255 242 0  255 242 0  255 242 0  255 242 0  63 72 204  255 242 0  255 242 0  255 242 0  255 242 0  255 242 0  255 242 0  255 242 0  63 72 204  255 242 0  255 242 0  255 242 0  63 72 204  63 72 204  63 72 204  255 242 0  255 242 0  255 242 0  255 242 0  255 242 0  255 242 0  63 72 204  63 72 204  63 72 204  255 127 39  255 255 255  255 255 255  255 255 255
255 255 255  255 255 255  255 255 255  255 255 255  255 255 255  63 72 204  255 242 0  255 242 0  255 242 0  255 242 0  255 255 255  255 255 255  63 72 204  255 242 0  255 242 0  255 242 0  255 242 0  255 255 255  255 255 255  63 72 204  255 242 0  255 242 0  255 242 0  63 72 204  255 255 255  255 255 255  63 72 204  63 72 204  63 72 204  255 242 0  255 242 0  255 242 0  255 242 0  63 72 204  63 72 204  63 72 204  63 72 204  255 255 255  255 255 255
255 255 255  255 255 255  255 255 255  255 255 255  255 255 255  63 72 204  255 242 0  255 242 0  255 255 255  255 255 255  255 255 255  255 255 255  255 255 255  255 127 39  255 242 0  63 72 204  255 242 0  255 242 0  255 255 255  255 255 255  255 127 39  255 242 0  63 72 204  255 242 0  63 72 204  255 255 255  255 255 255  255 255 255  63 72 204  63 72 204  63 72 204  255 242 0  255 242 0  255 242 0  63 72 204  63 72 204  255 127 39  63 72 204  255 255 255
255 255 255  255 255 255  255 255 255  255 255 255  255 255 255  63 72 204  255 242 0  255 255 255  255 242 0  255 255 255  255 255 255  255 255 255  255 255 255  63 72 204  255 242 0  255 242 0  63 72 204  255 242 0  255 242 0  255 242 0  63 72 204  63 72 204  255 242 0  255 242 0  63 72 204  63 72 204  255 255 255  255 255 255  63 72 204  255 255 255  255 255 255  63 72 204  63 72 204  255 242 0  255 242 0  255 255 255  63 72 204  63 72 204  255 255 255
255 255 255  255 255 255  255 255 255  255 255 255  255 255 255  63 72 204  255 242 0  255 242 0  255 255 255  255 242 0  255 255 255  255 255 255  255 242 0  63 72 204  255 242 0  255 242 0  255 242 0  63 72 204  63 72 204  63 72 204  255 242 0  255 127 39  255 127 39  255 242 0  63 72 204  255 255 255  63 72 204  63 72 204  255 255 255  255 255 255  255 255 255  255 255 255  255 255 255  63 72 204  255 242 0  255 255 255  255 255 255  63 72 204  63 72 204
255 255 255  255 255 255  255 255 255  255 255 255  255 255 255  255 255 255  63 72 204  255 242 0  255 242 0  255 127 39  255 127 39  255 242 0  63 72 204  63 72 204  63 72 204  63 72 204  255 255 255  255 255 255  63 72 204  63 72 204  255 127 39  255 255 255  255 255 255  63 72 204  255 255 255  255 255 255  255 255 255  255 255 255  255 255 255  255 255 255  255 255 255  255 255 255  255 255 255  255 255 255  63 72 204  255 242 0  63 72 204  255 255 255  63 72 204
255 255 255  255 255 255  255 255 255  255 255 255  255 255 255  255 255 255  63 72 204  255 242 0  255 127 39  255 255 255  255 255 255  63 72 204  255 255 255  255 255 255  255 255 255  255 255 255  255 255 255  255 255 255  255 255 255  63 72 204  63 72 204  63 72 204  63 72 204  255 255 255  255 255 255  255 255 255  255 255 255  255 255 255  255 255 255  255 255 255  255 255 255  255 255 255  255 255 255  255 255 255  255 255 255  63 72 204  255 255 255  255 255 255  63 72 204
255 255 255  255 255 255  255 255 255  255 255 255  255 255 255  255 255 255  255 255 255  63 72 204  63 72 204  63 72 204  63 72 204  255 255 255  255 255 255  255 255 255  255 255 255  255 255 255  255 255 255  255 255 255  255 255 255  255 255 255  255 255 255  255 255 255  255 255 255  255 255 255  255 255 255  255 255 255  255 255 255  255 255 255  255 255 255  255 255 255  255 255 255  255 255 255  255 255 255  255 255 255  255 255 255  255 255 255  63 72 204  63 72 204  255 255 255
Contact GitHub API Training Shop Blog About
© 2016 GitHub, Inc. Terms Privacy Security Status Help
